# callgrind format
version: 1
creator: callgrind-3.22.0
pid: 163667
cmd:  ./kvs_custom
part: 1


desc: I1 cache: 
desc: D1 cache: 
desc: LL cache: 

desc: Timerange: Basic block 0 - 24736597
desc: Trigger: Program termination

positions: line
events: Ir
summary: 84118972


ob=(1) /usr/lib/aarch64-linux-gnu/ld-linux-aarch64.so.1
fl=(12) ./elf/./elf/dl-tunables.c
fn=(26) __GI___tunables_init
261 1
+6 1
-6 3
+6 2
+16 3
56 2
-14 3
+6 1
-3 1
+3 52
+4 1
+4 4
fi=(13) ./elf/./elf/dl-tunables.h
160 2
cfn=(28) __GI___tunables_init
calls=1 * 
* 12896
fi=(9) ./elf/../sysdeps/unix/sysv/linux/dl-sysdep.c
-47 1
cfi=(14) ./elf/./elf/dl-sort-maps.c
cfn=(30) _dl_sort_maps_init
calls=1 289 
* 36
+2 2
cfi=(15) ./elf/../sysdeps/unix/sysv/linux/brk.c
cfn=(34) brk
calls=1 -79 
* 12
fi=(6) ./elf/../sysdeps/aarch64/dl-machine.h
+13 5
fi=(16) ./elf/../sysdeps/unix/sysv/linux/aarch64/cpu-features.c
-57 5
cfi=(12)
cfn=(32) __tunable_get_val
calls=1 390 
* 94732
fe=(12)

fn=(27) __GI___tunables_init'2
42 84
+6 27
-3 27
+3 1722
+4 27
+4 108
fi=(13)
160 54
cfn=(29) __GI___tunables_init'2
calls=27 * 
* 174445
fe=(12)
281 3584
+6 5628
fi=(13)
160 504
+1 756
-1 22
+1 33
-1 22
fe=(12)
42 1
304 3

fn=(44) do_tunable_update_val
69 2
+3 4
+7 1
fi=(135) ./elf/./dl-tunable-types.h
+2 2
cfi=(12)
cfn=(45) do_tunable_update_val'2
calls=1 +13 
* 22
fi=(16)
+29 1
+2 1
-2 1
+7 1
-1 1
+4 1
+7 2
+3 1
fi=(9)
-8 1
fi=(16)
+5 1
+3 1
-3 1
+3 1
fi=(9)
-8 1
+1 1
cfi=(18) ./string/../sysdeps/aarch64/multiarch/../strlen.S
cfn=(48) strlen
calls=1 -73 
* 13
* 1
+2 2
cfi=(19) ./elf/../misc/sbrk.c
cfn=(50) sbrk
calls=1 -88 
* 15
* 4
+12 2
+3 6
cfi=(2) ./elf/./elf/rtld.c
cfn=(52) dl_main
calls=1 +57 
* 94492
fe=(12)

fn=(45)
94 1
-1 1
+7 2
+4 3
+7 2
+1 2
+6 1
-1 1
-2 1
+3 1
+1 2
-25 2
-1 1
fi=(13)
+48 2
cfi=(12)
cfn=(45)
calls=1 -41 
* 15
fe=(12)

fn=(42) __GI___tunable_set_val
153 1
+1 2
-1 1
+4 1
-3 1
+2 2
cfn=(44)
calls=1 -87 
* 94582

fn=(32)
390 48
-3 16
+3 16
-3 16
+3 64
+9 15
-9 15
+26 20
-7 10
+7 60
+2 30
-2 10
-17 5
+17 30
-7 3
cfn=(33) __tunable_get_val'2
calls=1 +7 
* 11
fi=(16)
71 1
+3 1
fi=(17) ./elf/../sysdeps/generic/dl-tunables-parse.h
-43 4
fi=(16)
+27 1
+1 1
fi=(17)
-28 2
fi=(16)
+28 7
fi=(17)
-28 14
fi=(16)
+27 33
+23 4
+6 2
+4 1
+2 1
+4 1
+7 3
-7 1
+4 1
-4 2
+7 1
cfi=(12)
cfn=(33)
calls=1 390 
* 23
+1 1
-1 1
+1 1
-26 3
cfn=(38) _dl_sysdep_start
calls=1 +26 
* 94598
fe=(12)

fn=(33)
390 27
-3 9
+3 9
-3 9
+3 36
+9 9
-9 9
+26 10
-7 5
+7 30
+2 20
-2 10
-17 5
+17 30

fl=(1) ./elf/../sysdeps/aarch64/dl-start.S
fn=(0) (below main)
22 1
+3 1
+1 1
+2 1
+2 1
cfi=(2)
cfn=(2) _dl_start
calls=1 517 
* 84118967

fl=(92) ???
fn=(344) init_have_lse_atomics
0 4
cfi=(93) ./misc/./misc/getauxval.c
cfn=(346) getauxval
calls=1 56 
0 24
fi=(90) ./elf/./elf/dl-init.c
73 3
+3 5
fe=(92)

fl=(62) ./elf/./elf/dl-cache.c
fn=(206) _dl_cache_libcmp
357 12
+1 14
+4 31
-2 62
+2 62
-2 62
+20 60
+2 60
-24 25
+28 25
+1 25
-29 25
+32 2
+1 2
-29 2
+8 1
-1 1
-1 1
+2 4
+2 4
-3 1
+3 1
+2 2
+9 5
+8 10

fn=(324) _dl_unload_cache
525 3
+1 6
+2 2
cfi=(54) ./misc/../sysdeps/unix/syscall-template.S
cfn=(168) munmap
calls=1 120 
* 6
+1 1
+4 1
+2 3

fn=(198) _dl_load_cache_lookup
fi=(30) ./elf/./elf/dl-load.c
2135 1
+2 1
+4 1
+8 1
+23 1
-23 1
+23 8
cfn=(150) open_verify.constprop.0
calls=1 1572 
* 118
* 1
+4 3
+18 1
-17 1
+17 2
+28 4
cfn=(147) _dl_map_object'2
calls=1 +45 
* 1811
fe=(62)
403 4
+2 1
-2 1
+2 1
-2 1
+2 1
+3 4
+3 5
cfi=(46) ./elf/./elf/dl-misc.c
cfn=(200) _dl_sysdep_read_whole_file
calls=1 36 
* 972

fn=(199) _dl_load_cache_lookup'2
482 2
+3 1
-3 2
+3 5
cfn=(204) search_cache
calls=1 203 
* 841

fn=(204)
203 1
+5 1
-5 6
+5 1
-5 2
+5 1
-5 4
+5 1
-5 1
+5 2
cfi=(12)
cfn=(33)
calls=1 390 
* 23
* 1
+12 2
+3 1
-10 2
cfn=(205) search_cache'2
calls=1 +9 
* 640
485 1
+15 2
+4 1
+8 2
cfi=(18)
cfn=(48)
calls=1 50 
* 28
+1 1
-1 1
+1 11
+1 3
cfi=(25) ./string/../sysdeps/aarch64/multiarch/../memcpy.S
cfn=(66) memcpy
calls=1 72 
* 14
+1 1
cfi=(36) ./string/./string/strdup.c
cfn=(112) strdup
calls=1 40 
* 82
+1 5

fn=(205)
349 1
220 2
+2 5
+9 5
-9 10
+1 15
+4 10
+4 10
cfn=(206)
calls=5 357 
* 421
+1 10
346 4
+1 3
220 6
353 1
222 4
cfn=(205)
calls=1 +18 
* 133
+20 2
+5 1
-2 2
+2 3
cfn=(206)
calls=1 357 
* 78
* 1
-7 2
-30 4
+1 4
-1 4
cfn=(205)
calls=1 +49 
* 32
+49 2
+10 3
+1 3
+7 3
fi=(63) ./elf/../sysdeps/generic/dl-cache.h
125 1
fe=(62)
295 5
+3 3
+11 3
+21 1
+23 8

fl=(32) ./elf/./elf/dl-hwcaps-subdirs.c
fn=(90) _dl_hwcaps_subdirs_active
27 1
+2 1
-2 1
+2 2

fl=(14)
fn=(30)
289 1
+1 2
-1 1
+1 2
cfi=(12)
cfn=(32)
calls=1 390 
* 23
* 1
+1 1
+1 2
-1 1
+2 2

fn=(218) _dl_sort_maps
298 1
+8 1
-8 11
+8 2
+4 8
182 1
-1 1
+30 1
-28 4
+1 1
-1 1
+1 3
-1 1
+1 3
-1 3
+1 9
-1 3
+28 11
+8 2
-8 1
+8 1
-3 1
+3 2
-79 1
+78 1
-2 1
+5 1
cfn=(219) _dl_sort_maps'2
calls=1 +2 
* 187

fn=(219)
221 6
+2 4
-83 24
cfn=(220) dfs_traversal.part.0
calls=4 -5 
* 114
+86 12
+18 2
+32 4
+7 1
+27 1
-47 4
cfi=(25)
cfn=(66)
calls=1 72 
* 14
* 1
cfn=(219)
calls=1 +13 
* 6

fn=(220)
135 28
+10 4
-2 12
+2 4
+2 8
-7 11
+7 11
+9 4
+15 12
+2 4
-1 4
+1 12

fl=(40) ./elf/./elf/dl-tls.c
fn=(240) _dl_determine_tlsoffset
222 2
-6 2
+6 2
+3 2
+84 2
+2 1
-2 1
-2 1
-88 1
-1 1
-1 2
cfn=(241) _dl_determine_tlsoffset'2
calls=1 +94 
* 44
fi=(2)
786 1
cfi=(40)
cfn=(242) _dl_allocate_tls_storage
calls=1 417 
* 303
* 1
+1 1
+6 2
fi=(39) ./elf/../sysdeps/generic/dl-call_tls_init_tp.h
31 1
+2 1
cfi=(20) ./elf/../sysdeps/nptl/dl-tls_init_tp.c
cfn=(246) __tls_init_tp
calls=1 +35 
* 86
fi=(2)
797 2
+3 1
-3 1
+3 4
fe=(40)

fn=(241)
332 1
-23 1
+23 3
+1 1
+1 3
+2 1
-11 1
+12 1
+3 2
-31 1
+31 1
+3 1
-34 2
+2 2
+3 1
+4 1
-5 1
+1 1
+4 1
-5 1
+3 1
-3 1
+3 1
+2 3
+29 2
-1 1
+1 1
-1 1
+1 3
+7 1
+1 2

fn=(124) _dl_count_modids
194 3
-2 2
+2 2
+1 1
+15 2

fn=(242)
417 1
+13 2
fi=(23) ./elf/../include/rtld-malloc.h
56 1
fe=(40)
417 1
+14 1
-14 1
+13 1
-13 1
fi=(23)
56 1
fe=(40)
431 1
fi=(23)
56 2
cfi=(24) ./elf/./elf/dl-minimal-malloc.c
cfn=(64) __minimal_malloc
calls=1 -20 
* 78
fe=(40)
432 1
+20 3
+7 2
-7 2
+7 2
cfi=(10) ./string/../sysdeps/aarch64/nptl/../memset.S
cfn=(22) memset
calls=1 32 
* 132
+5 1
+2 1
-2 1
+2 1
cfn=(244) allocate_dtv
calls=1 360 
* 59
* 1
+1 1
+3 5

fn=(280) _dl_add_to_slotinfo
1017 4
+9 2
-9 1
+6 1
-6 2
+9 1
+1 1
cfn=(281) _dl_add_to_slotinfo'2
calls=1 +4 
* 17
fi=(2)
2295 1
+9 1
-9 1
+5 2
+2 1
+6 3
+2 2
+1 7
cfi=(70) ./elf/./elf/dl-reloc.c
cfn=(253) _dl_relocate_object'2
calls=1 207 
* 25291
-18 2
fe=(40)

fn=(281)
1031 3
+34 1
+3 3
+1 5
+3 5

fn=(210) _dl_assign_tls_modid
141 2
-13 1
+13 1
-13 2
+53 1
+2 2
-2 2
+2 1
+3 2

fn=(238) _dl_tls_static_surplus_init
97 1
+3 1
-3 2
+3 2
-3 1
+3 2
cfi=(12)
cfn=(33)
calls=1 390 
* 23
+1 2
-1 1
+1 2
cfi=(12)
cfn=(33)
calls=1 390 
* 23
+1 3
+2 1
-3 1
+3 2
+3 1
+4 1
-28 1
+26 1
-26 1
+26 1
-26 1
+29 1
-29 1
+28 3
+1 2

fn=(244)
360 1
+5 2
-5 3
+5 1
+4 1
fi=(23)
44 5
cfi=(24)
cfn=(62) __minimal_calloc
calls=1 +36 
* 38
fe=(40)
371 1
+3 3
+6 1
+6 3

fn=(282) _dl_allocate_tls_init
523 6
+1 1
+10 2
+3 1
-3 2
+3 1
-9 1
+6 5
cfi=(20)
cfn=(72) rtld_mutex_dummy
calls=1 42 
* 5
+3 4
+12 1
-18 1
-1 1
+19 1
+5 10
cfn=(283) _dl_allocate_tls_init'2
calls=1 +6 
* 105
fi=(2)
2341 4
+4 7
+2 1
+10 2
cfi=(77) ./elf/./elf/dl-find_object.c
cfn=(284) _dl_find_object_init
calls=1 561 
* 6568
fe=(40)

fn=(283)
563 1
+1 1
+6 4
+3 2
-2 1
+2 1
-2 1
+6 1
-4 2
+4 1
-4 1
+3 2
+4 2
+1 4
+20 1
-15 1
+15 1
-8 1
+8 3
+2 3
cfi=(25)
cfn=(66)
calls=1 72 
* 14
* 6
cfi=(10)
cfn=(22)
calls=1 32 
* 21
* 1
+6 1
-55 5
+6 4
+55 5
cfi=(20)
cfn=(72)
calls=1 42 
* 5
+3 5
+3 4

fl=(69) ./elf/../sysdeps/aarch64/dl-bti.c
fn=(250) _dl_bti_check
81 3
+13 1

fl=(8) ./elf/./elf/dl-setup_hash.c
fn=(14) _dl_setup_hash
28 8
fi=(4) ./elf/../sysdeps/generic/ldsodefs.h
+51 4
fe=(8)
-48 8
+1 8
+2 4
+2 12
+8 4
-7 4
+8 4
-7 4
+3 4
-3 4
+3 4
-3 4
+7 4
-5 4
+3 4
+2 4
+5 4

fl=(18)
fn=(48)
50 12
+2 12
+1 12
+1 12
+1 12
+1 12
+1 12
+1 12
+1 12
+2 5
+1 5
+1 5
+1 5
+4 10
+1 10
+1 10
+1 10
+1 10
+1 6
+1 6
+1 6
+1 6
+1 6
+1 3
+2 3
+1 3
+1 3
+2 3
+2 3
+1 3
+1 3
+1 3
-9 4
+1 4
+1 4
+2 4
+2 4
+1 4
+1 4
+1 4

fl=(23)
fn=(60) _dl_new_object
44 4
cfi=(24)
cfn=(62)
calls=1 +36 
* 244

fn=(116) fillin_rpath.isra.0
50 3
cfi=(24)
cfn=(118) __minimal_free
calls=1 +47 
* 11
+1 1
cfi=(30)
cfn=(103) fillin_rpath.isra.0'2
calls=1 474 
* 19

fl=(24)
fn=(118)
97 3
+2 5
+7 3

fn=(64)
36 72
+1 24
-1 24
+1 71
+11 69
+1 23
+2 23
-3 23
+3 109
+5 10
+1 6
+2 4
+1 14
cfi=(51) ./misc/../sysdeps/unix/sysv/linux/mmap64.c
cfn=(162) mmap
calls=2 -13 
* 26
* 2
+2 4
+2 8
cfi=(52) ./misc/../sysdeps/unix/sysv/linux/setvmaname.c
cfn=(164) __set_vma_name
calls=2 -31 
* 57
+1 10
+2 6
+4 2
-1 4
+3 6
-3 42
+3 63
-30 1
-1 2
+1 2
+1 1
-1 1
+1 1
-2 2
cfn=(65) __minimal_malloc'2
calls=1 +6 
* 15
fi=(23)
+2 1
fi=(22) ./elf/./elf/dl-object.c
+51 1
+5 1
-2 1
+6 1
-4 1
+3 1
-1 1
-3 1
+5 2
-2 1
+2 1
cfi=(25)
cfn=(66)
calls=1 -32 
* 20
* 1
+2 3
+13 2
+6 1
+2 1
+3 2
-3 2
+3 2
+1 3
cfn=(59) _dl_new_object'2
calls=1 +5 
* 148
fe=(24)

fn=(65)
48 2
+1 1
+2 1
-3 1
+3 5
+19 2
+3 3

fn=(62)
80 16
+7 8
-7 8
+8 24
-4 8
+4 8
+4 8
fi=(23)
-36 32
cfi=(24)
cfn=(64)
calls=8 -20 
* 487
fe=(24)

fl=(72) ./elf/./elf/dl-lookup.c
fn=(268) check_match
70 222
+3 111
-3 1110
+3 333
+13 111
-13 111
+13 111
-13 111
+13 333
+3 422
cfi=(26) ./string/../sysdeps/aarch64/strcmp.S
cfn=(74) strcmp
calls=50 -25 
* 2909
* 50
+4 111
+1 111
+2 109
+19 109
+1 981
+45 111
+1 555
-18 2
+2 2
+1 6
-1 6
-29 327
cfi=(26)
cfn=(74)
calls=109 -53 
* 5379
* 109

fn=(262) _dl_lookup_symbol_x
772 112
+6 16
-6 8
+6 8
fi=(73) ./elf/../sysdeps/generic/dl-new-hash.h
74 8
+3 8
-8 8
+1 8
+31 16
-21 16
+1 8
-1 72
+1 36
+21 41
-28 82
+30 41
-27 41
fe=(72)
778 5
-4 10
+1 5
+3 15
+4 9
+5 10
-2 5
+6 10
-15 25
cfn=(263) _dl_lookup_symbol_x'2
calls=5 +16 
* 1943
fi=(73)
87 3
+2 3
+1 3
cfi=(72)
cfn=(263)
calls=3 778 
* 1037
fi=(5) ./elf/./elf/do-rel.h
+43 2
+3 2
-3 2
fi=(6)
+42 2
fi=(5)
-40 2
-1 2
-1 2
+3 2
-2 4
-1 2
+3 2
fi=(6)
+41 4
+2 2
fi=(70)
-9 6
fi=(4)
-30 3
fi=(70)
+31 2
+3 8
+16 3
+3 3
+1 3
-1 3
fi=(6)
-5 7
+3 2
-3 7
+5 3
-5 3
+5 6
-5 3
+5 9
+3 21
+12 6
fi=(5)
-58 6
-19 6
fi=(6)
+57 6
+8 9
cfn=(254) _dl_relocate_object
calls=1 +12 
* 14842
* 6
+15 1
+62 1
+2 4
+2 4
-1 1
fi=(5)
150 2
cfn=(258) _dl_relocate_object
calls=1 * 
* 45548
* 4
cfi=(70)
cfn=(253)
calls=1 +36 
* 1759
+32 2
fi=(6)
-7 1
fi=(5)
+8 1
-1 3
fi=(6)
-5 2
+2 1
fi=(70)
-9 3
fi=(4)
-30 3
fi=(70)
+31 2
+3 8
+19 1
-3 1
+4 1
-1 1
fi=(6)
-5 3
+3 1
-3 3
+5 1
-5 1
+5 3
-5 1
+5 2
+3 7
+12 3
fi=(5)
-12 3
-16 3
+16 4
cfi=(70)
cfn=(253)
calls=1 -10 
* 2355
fi=(7) ./elf/./elf/dl-minimal.c
68 20
+1 44
+2 4
fi=(80) ./elf/./dl-sym-post.h
-30 8
+12 12
fi=(7)
+19 20
fe=(72)

fn=(263)
772 1554
+6 222
-6 111
+6 111
fi=(73)
74 111
+3 111
-8 111
+1 111
+31 222
-21 222
+1 111
-1 1350
+1 675
+21 736
-28 1472
+30 736
-27 736
fe=(72)
778 114
-4 228
+1 114
+3 342
+4 219
+5 228
-2 114
+6 228
-15 570
cfn=(263)
calls=114 +16 
* 42886
+16 1309
cfn=(266) do_lookup_x
calls=119 347 
* 43520
+81 2
+19 54
-76 9
+76 27
fi=(73)
87 50
+2 50
+1 50
cfi=(72)
cfn=(263)
calls=50 778 
* 19704
fi=(5)
+43 100
+3 100
-3 100
fi=(6)
+42 100
fi=(5)
-40 100
-1 100
-1 100
+3 100
-2 200
-1 100
+3 100
fi=(6)
+41 200
+2 100
fi=(70)
-9 300
fi=(4)
-30 297
fi=(70)
+31 198
+3 739
+12 2
fi=(4)
79 1
fi=(70)
186 2
-2 1
-1 1
+3 81
fi=(4)
79 40
fi=(70)
186 80
-2 40
-1 40
+3 122
+1 41
+1 82
-1 82
+3 246
cfi=(72)
cfn=(263)
calls=41 772 
* 278819
* 106
+3 106
+1 106
-1 106
fi=(6)
-5 312
+3 103
-3 310
+5 104
-5 104
+5 208
-5 104
+5 312
+3 713
+12 306
fi=(5)
-58 306
-19 316
cfi=(70)
cfn=(253)
calls=2 301 
* 164
+20 123
fi=(6)
+37 6
fi=(71) ./elf/../sysdeps/aarch64/dl-irel.h
38 1
+2 2
-2 1
-1 2
+1 1
+1 2
+1 2
cob=(2) /usr/lib/aarch64-linux-gnu/libc.so.6
cfi=(76) ./string/../sysdeps/aarch64/multiarch/strlen.c
cfn=(276) strlen
calls=1 -6 
* 13
* 1
fi=(6)
196 35
cfn=(255) _dl_relocate_object'2
calls=3 +12 
* 30681
* 10
+15 1
+62 1
+2 4
+2 4
-1 1
fi=(5)
150 2
cfn=(259) _dl_relocate_object'2
calls=1 * 
* 23021
* 216
cfi=(70)
cfn=(253)
calls=54 +36 
* 1508962
fi=(6)
282 3
+1 3
fi=(71)
38 1
-1 1
+1 2
+1 2
+1 2
cob=(2)
cfi=(75) ./string/../sysdeps/aarch64/multiarch/memchr.c
cfn=(274) memchr
calls=1 -6 
* 12
* 1
fi=(6)
285 1
fi=(5)
150 2
cfn=(259)
calls=1 * 
* 169
fi=(70)
+25 16
fi=(6)
-72 8
fi=(5)
+79 2
fi=(6)
-7 1
fi=(5)
+8 1
-1 3
fi=(6)
-5 2
+2 1
fi=(70)
-9 3
fi=(4)
-30 3
fi=(70)
+31 2
+3 8
+19 5
-3 5
+4 5
-1 5
fi=(6)
-5 7
+3 1
-3 3
+5 1
-5 1
+5 3
-5 1
+5 2
+3 7
+12 3
fi=(5)
-12 3
-16 3
+16 36
cfi=(6)
cfn=(255)
calls=3 +12 
* 2217
cfi=(6)
cfn=(254)
calls=1 +12 
* 1965
* 4
cfi=(70)
cfn=(253)
calls=1 -10 
* 930
fi=(70)
-21 12
cfn=(253)
calls=4 +2 
* 101329
fe=(72)

fn=(266)
347 1071
+1 119
-1 1071
+7 119
+58 119
-47 119
+50 119
-25 714
cfn=(267) do_lookup_x'2
calls=119 -32 
* 36322
791 24
+1 119
+5 119
+23 238
-23 119
+24 539
+7 111
-7 111
+35 444
+34 222
-20 222
+3 220
+19 660
-76 110
+76 330
-93 40
+18 24
cfn=(263)
calls=8 +75 
* 80
+54 3
cfn=(263)
calls=1 +2 
* 12

fn=(267)
396 782
+8 391
-4 391
fi=(4)
79 391
fe=(72)
404 391
-3 391
+3 782
+1 391
+3 391
-3 782
+4 391
+4 391
+3 391
-3 391
+3 391
-5 391
+8 1564
+99 840
358 782
+3 782
+4 391
+21 782
+4 782
+33 114
-1 342
+2 114
+2 114
+6 228
-6 1254
cfn=(267)
calls=114 +3 
* 21535
+13 250
-10 944
+2 111
+1 333
-1 111
+1 222
+1 111
-1 333
+1 111
-1 222
cfn=(268)
calls=111 70 
* 13852
+4 111
+86 8
-1 8
+1 56
-52 9
-22 24
cfn=(267)
calls=3 +22 
* 812
176 999
cfi=(4)
cfn=(270) do_lookup_x
calls=111 -37 
* 2989

fl=(2)
fn=(132) handle_preload_list
869 7
+5 2
+6 1
-10 4
+7 1
183 5
cfn=(133) handle_preload_list'2
calls=1 877 
* 2584
1842 3
cfn=(53) dl_main'2
calls=1 +5 
* 88922

fn=(133)
891 2
+1 4
cfn=(136) do_preload
calls=1 -88 
* 2319
-15 3
cfi=(43) ./string/./string/strcspn.c
cfn=(134) strcspn
calls=1 32 
* 227
* 1
+1 3
+2 1
+7 1
-7 3
cfi=(25)
cfn=(66)
calls=1 72 
* 14
+1 1
183 1
888 1
+1 2
183 1

fn=(2)
517 1
+29 2
-29 2
+26 2
-26 4
fi=(6)
48 2
fe=(2)
517 1
fi=(3) ./elf/./get-dynamic-info.h
45 1
fe=(2)
543 1
+4 1
-30 1
+30 1
-1 1
+1 1
fi=(3)
45 1
+7 1
+16 1
-16 1
+2 1
+14 1
-15 1
+2 2
-6 8
+3 1
-1 2
+17 3
-23 6
+9 3
+2 4
+3 5
+3 4
+2 3
cfn=(4) _dl_start
calls=1 +4 
* 108740
fi=(1)
-32 1
+5 1
+2 1
+2 1
+1 1
+1 1
+1 1
+1 1
+1 1
cfi=(90)
cfn=(326) _dl_init
calls=1 +35 
* 84010149
fe=(2)

fn=(3) _dl_start'2
563 1
+2 1
458 1
+18 1
+89 3
+13 1
cfi=(7)
cfn=(12) __rtld_malloc_init_stubs
calls=1 42 
* 17
458 3
+18 1
+1 1
-19 1
+18 1
cfi=(8)
cfn=(14)
calls=1 28 
* 24
+1 1
+17 1
-15 2
+9 1
-10 1
+10 1
+6 2
-15 1
+15 1
cfi=(9)
cfn=(18) _dl_sysdep_start
calls=1 102 
* 108093

fn=(52)
fi=(9)
143 7
fe=(2)
+54 1
1346 5
296 1
1346 6
296 3
1346 1
197 1
+2 1
302 1
+1 1
1357 1
cfi=(20)
cfn=(54) __tls_pre_init_tp
calls=1 53 
* 23
2749 3
2598 3
+2 1
-2 2
+4 3
cfi=(21) ./elf/./elf/dl-environ.c
cfn=(56) _dl_next_ld_env_entry
calls=1 28 
* 48
* 1
+4 1
-2 1
+2 3
+1 12
-1 48
+3 2
+6 10
+72 12
+2 1
+1 2
-1 1
+1 1
+1 1
cfn=(53)
calls=1 -89 
* 94284

fn=(53)
2602 4
cfi=(21)
cfn=(56)
calls=2 28 
* 94213
* 1
+4 1
-2 1
+2 3
+1 7
-1 28
+3 2
+6 5
1144 56
+56 2
-1 2
+1 2
+1 2
-2 2
+2 4
+1 1
+2 4
+1 6
+4 2
+1 2
-1 4
+1 4
+1 2
+4 4
-72 27
1254 4
cfn=(53)
calls=1 * 
* 93487
-1 18
+1 27
-1 1
+13 2
+3 2
+2 4
1672 4
+1 1
+1 2
fi=(4)
79 1
fe=(2)
1673 1
+2 1
-1 2
+1 3
-2 2
cfi=(26)
cfn=(74)
calls=1 64 
* 39
* 2
+5 3
+3 1
-1 1
+3 1
-2 1
+2 1
+1 1
+4 4
+2 1
fi=(3)
39 2
+6 1
-2 1
+2 1
+7 1
+2 1
-2 1
+3 1
-2 1
-4 18
+3 1
-1 2
+17 8
-23 16
fe=(2)
1744 1
+15 2
-15 2
+1 1
-1 1
+1 1
+2 1
+1 1
-4 2
+3 1
+12 1
-11 1
-3 1
+2 1
+1 1
-2 1
+13 2
+1 3
+5 2
-3 1
+9 2
-6 2
-3 1
+2 1
+6 3
+1 6
+2 3
+1 1
-1 1
+1 1
+5 4
225 1
fi=(4)
79 1
fe=(2)
224 1
+1 2
-1 1
+2 1
1788 3
+5 1
-1 1
1352 1
1793 1
+24 2
cfi=(40)
cfn=(124)
calls=1 194 
* 10
fi=(41) ./elf/../sysdeps/generic/dl-debug.h
29 1
fe=(2)
1817 1
fi=(41)
29 2
+1 1
fe=(2)
1823 2
+1 2
cfi=(38) ./elf/./elf/dl-debug.c
cfn=(128) _dl_debug_state
calls=1 116 
* 4
+1 1
+4 4
cfi=(42) ./elf/./elf/dl-audit.c
cfn=(130) _dl_audit_activity_map
calls=1 29 
* 14
+5 3
+4 1
-2 1
+2 1
+9 2
+16 6
cfi=(58) ./io/../sysdeps/unix/sysv/linux/access.c
cfn=(184) access
calls=1 25 
* 15
* 2
+76 2
+16 3
+10 9
cfi=(59) ./elf/./elf/dl-deps.c
cfn=(186) _dl_map_object_deps
calls=1 143 
* 88861
+14 6
+1 12
+46 1
-42 2
+8 5
+1 1
+2 1
+2 3
+2 1
-4 1
+4 1
-4 2
+5 1
-1 1
+14 2
+2 1
-1 1
+1 1
-1 2
+1 2
-25 1
+36 1
+2 1
-2 1
+1 2
+1 6
-2 1
+1 1
+1 1
cfi=(44) ./elf/./elf/dl-catch.c
cfn=(222) _dl_receive_error
calls=1 186 
* 82839
+14 1
837 1
+13 2
-13 1
+4 2
+9 1
+5 1
-5 1
fi=(136) ./elf/../sysdeps/unix/sysv/linux/dl-osinfo.h
39 1
fe=(2)
841 1
2047 2
2246 1
+4 2
-4 1
+13 1
-13 1
+4 1
-4 1
+10 1
-6 1
+6 1
+3 1
+8 1
fi=(137) ./elf/../sysdeps/aarch64/dl-prop.h
30 1
fe=(2)
2267 1
fi=(137)
30 3
cfi=(69)
cfn=(250)
calls=1 +51 
* 4
fe=(2)
2284 1
-5 2
+5 1
-5 1
+3 1
-3 1
+5 1
-2 2
+2 1
+1 6
cfi=(70)
cfn=(252) _dl_relocate_object
calls=1 207 
* 79270
+95 5
cfi=(83) ./elf/./elf/dl-call-libc-early-init.c
cfn=(306) _dl_call_libc_early_init
calls=1 29 
* 535
1144 12
+20 2
+2 1
+7 1
-9 1
-1 1
+10 1
+18 2
cfn=(53)
calls=1 -48 
* 93640
-37 1
-1 1
+1 1
-1 1
+1 3
-1 2
+1 1
+1 1
cfn=(53)
calls=1 -12 
* 93548
+92 2
+1 2
+1 1
cfn=(53)
calls=1 1143 
* 93494
-6 2
+1 1
cfn=(53)
calls=1 1143 
* 93510
fi=(3)
54 3
fi=(39)
-20 2
cfi=(2)
cfn=(53)
calls=1 1788 
* 91591
fe=(2)
2640 5
+10 4
226 2
cfn=(53)
calls=1 -2 
* 91595
fi=(3)
56 4
+3 5
fe=(2)
1206 3
cfn=(53)
calls=1 +3 
* 93577
2650 7
+2 2
+1 1
cfn=(53)
calls=1 -51 
* 94078
fi=(3)
62 4
+2 3
cfn=(76) dl_main
calls=1 +4 
* 93287
fe=(2)
1943 7
1842 5
cfn=(132)
calls=1 869 
* 91529
1943 6
+1 1
+3 3
+1 1
+1 1
-6 1
+7 2

fn=(136)
804 2
+8 1
-8 2
+10 2
-10 1
+12 5
-12 2
+10 1
+2 1
-6 1
+1 1
+1 1
+4 1
cfi=(44)
cfn=(138) _dl_catch_error
calls=1 254 
* 2286
+76 1
-18 2
+21 9

fn=(234) init_tls
734 3
+2 2
-2 2
+6 1
-4 2
+4 1
fi=(23)
44 1
fe=(2)
751 1
fi=(23)
44 1
fe=(2)
746 1
fi=(23)
44 3
cfi=(24)
cfn=(62)
calls=1 +36 
* 38
fe=(2)
755 1
+6 1
-12 1
+7 1
+1 1
+4 1
+2 2
-1 2
+3 8
+4 3
-5 1
-1 1
+1 3
-1 3
+10 5
+3 2
cfi=(40)
cfn=(238)
calls=1 97 
* 81
+3 1
cfi=(40)
cfn=(240)
calls=1 222 
* 465
2040 3
cfn=(53)
calls=1 +2 
* 79323

fn=(224) version_check_doit
fi=(44)
69 2
+1 1
197 2
+1 4
fe=(2)
674 1
+2 2
-2 3
+2 3
cfi=(66) ./elf/./elf/dl-version.c
cfn=(226) _dl_check_all_versions
calls=1 392 
* 2833

fn=(144) map_doit
fi=(44)
69 3
+1 3
239 3
-25 1
+34 3
fe=(2)
641 1
+2 1
+1 1
-3 1
+2 1
+1 1
-3 2
+3 1
-1 1
+1 2
cfi=(30)
cfn=(146) _dl_map_object
calls=1 1967 
* 2184

fl=(44)
fn=(138)
254 9
+2 2
cfn=(140) _dl_catch_exception
calls=1 -52 
* 2266
fi=(2)
817 2
+8 1
+6 1
-6 1
+6 1
-6 1
+6 2
fe=(44)

fn=(222)
186 5
58 1
188 1
58 1
188 1
-2 1
+2 1
58 1
192 1
59 1
+11 1
192 1
+2 1
cfi=(2)
cfn=(224)
calls=1 674 
* 2851
fi=(2)
2038 1
+1 1
-1 1
+1 1
+1 2
cfn=(234)
calls=1 734 
* 79965
fe=(44)

fn=(140)
204 2
58 2
204 6
58 2
204 2
+3 2
+21 2
+1 4
58 2
+1 2
+11 2
-11 2
+11 2
-11 2
+11 2
cfn=(141) _dl_catch_exception'2
calls=2 235 
* 5989
258 1
-1 1
+2 1
+2 1
-3 1
+1 3
+2 3
fi=(59)
-33 4
cfi=(30)
cfn=(108) _dl_dst_count
calls=1 +10 
* 40
* 2
+14 1
+2 3
+5 2
+6 1
-2 1
+4 1
-8 1
+5 1
+3 1
-2 1
+1 1
+1 1
+2 4
+4 1
-42 2
+1 2
+10 1
-4 1
+4 2
-2 1
+2 1
cfi=(44)
cfn=(141)
calls=1 -28 
* 1918
* 1
+1 2
fe=(44)

fn=(141)
204 2
58 2
204 6
58 2
204 2
+3 2
+21 2
+1 4
58 2
235 12
cfi=(45) ./setjmp/../sysdeps/aarch64/setjmp.S
cfn=(142) __sigsetjmp
calls=4 36 
* 88
* 4
+2 8
cfi=(59)
cfn=(188) openaux
calls=3 61 
* 4258
cfi=(2)
cfn=(144)
calls=1 641 
* 2209
69 6
+1 6
239 6
-25 2
+34 6
59 2
+11 2
-11 2
+11 2
-11 2
+11 2
cfn=(141)
calls=2 235 
* 616
fi=(59)
208 5
-18 1
+18 1
417 3
fi=(23)
56 1
fi=(59)
419 2
fi=(23)
56 1
fi=(59)
422 2
fi=(23)
56 2
cfi=(24)
cfn=(64)
calls=1 -20 
* 24
* 1
fi=(59)
423 1
+6 1
+1 1
+1 1
-1 3
cfi=(25)
cfn=(66)
calls=1 72 
* 14
+1 4
cfi=(25)
cfn=(66)
calls=1 72 
* 14
+2 1
+2 1
-1 1
+1 2
+4 9
188 2
+5 2
-5 2
+5 2
+4 2
-4 2
+4 2
+1 12
fi=(64) ./elf/../include/scratch_buffer.h
-67 4
cfi=(65) ./malloc/./malloc/scratch_buffer_set_array_size.c
cfn=(214) __libc_scratch_buffer_set_array_size
calls=1 30 
* 16
fi=(59)
+70 1
+4 2
cfn=(187) _dl_map_object_deps'2
calls=1 +3 
* 1283
442 4
-1 9
+1 3
183 2
cfi=(64)
cfn=(212) _dl_map_object_deps
calls=1 -98 
* 427
+59 2
+2 6
+5 2
+6 1
-2 1
+4 1
-8 1
+5 1
+3 1
-2 1
+1 1
+1 1
+2 4
+4 2
+1 2
-43 100
+1 96
+44 240
-34 2
+1 4
fe=(44)

fl=(59)
fn=(186)
143 1
+1 2
-1 4
+1 1
-1 1
+1 1
-1 4
+1 2
-1 1
+1 9
-16 1
+2 1
+6 1
-6 1
+6 3
+24 3
-30 3
-2 1
+33 1
-1 1
-30 2
+30 1
-24 3
+24 2
+28 5
+44 3
-50 1
+4 1
fi=(64)
77 1
fe=(59)
182 2
+2 1
fi=(64)
77 2
fe=(59)
184 1
fi=(64)
78 2
fe=(59)
+86 1
+29 1
+4 1
-33 1
+29 2
+4 1
+11 2
-10 4
+12 1
fi=(4)
79 1
fe=(59)
210 2
+11 1
-5 1
+1 2
+1 2
+3 1
-6 1
+6 1
-2 2
+9 1
-38 1
+38 1
-6 3
+6 4
cfi=(30)
cfn=(108)
calls=1 +10 
* 30
* 2
+4 1
-4 1
+4 2
-2 1
+2 1
cfi=(44)
cfn=(140)
calls=1 -28 
* 5767
fi=(2)
1971 3
+1 5
-1 2
+1 3
-1 1
+1 3
-1 6
+1 9
-1 3
+4 5
+1 1
+1 1
+2 2
+1 2
-1 2
cfn=(53)
calls=1 +1 
* 82901
fe=(59)

fn=(187)
208 7
-18 1
+18 1
417 1
fi=(23)
56 1
fe=(59)
419 2
fi=(23)
56 1
fe=(59)
422 2
fi=(23)
56 2
cfi=(24)
cfn=(64)
calls=1 -20 
* 24
* 1
fe=(59)
423 1
+6 1
+1 1
+1 1
-1 3
cfi=(25)
cfn=(66)
calls=1 72 
* 15
+1 4
cfi=(25)
cfn=(66)
calls=1 72 
* 15
+2 1
+2 1
-1 1
+1 2
+4 3
188 1
+5 1
-5 1
+5 1
+4 1
-4 1
+4 1
+1 6
fi=(64)
-67 4
cfi=(65)
cfn=(214)
calls=1 30 
* 16
fe=(59)
+70 1
+4 2
cfn=(187)
calls=1 +3 
* 1151
442 2
-1 3
+1 1
210 1
fi=(4)
79 1
fe=(59)
210 2
+11 1
-5 1
+1 2
+1 2
+3 1
-6 1
+6 1
-2 2
+9 1
-38 1
+38 1
-6 3
+6 4
cfi=(30)
cfn=(108)
calls=1 +10 
* 40
* 2
+4 1
-4 1
+4 2
-2 1
+2 1
cfi=(44)
cfn=(141)
calls=1 -28 
* 1076
452 3
+11 1
fi=(23)
56 2
fe=(59)
463 2
fi=(23)
56 2
cfi=(24)
cfn=(64)
calls=1 -20 
* 24
* 1
fe=(59)
465 1
+5 1
+4 1
-2 1
-1 1
-1 3
+4 1
+4 12
+6 4
+1 4
-1 4
+1 4
+5 12
-16 8
+21 2
+37 2
+4 1
+11 2
-14 1
+20 3
-1 3
+1 4
-1 4
cfi=(14)
cfn=(218)
calls=1 298 
* 263
+5 1
+1 1
+2 1
-1 1
+1 2
+1 1
+7 2
+3 1
+3 9
-27 2
cfi=(25)
cfn=(66)
calls=1 72 
* 14
* 1
cfn=(187)
calls=1 +6 
* 296

fn=(188)
fi=(44)
69 3
+1 3
239 3
-25 1
+34 3
fe=(59)
61 15
+3 6
+1 3
-1 6
+2 1
-2 4
cfi=(30)
cfn=(146)
calls=1 1967 
* 235
* 6
cfi=(30)
cfn=(146)
calls=2 1967 
* 3961
* 2
+5 6

fl=(42)
fn=(182) _dl_audit_objopen
77 6
+1 4
-1 2
+1 4
+15 6

fn=(322) _dl_audit_activity_nsid
45 3
-4 1
+4 1
+1 1
-5 1
+4 1
+2 4
+4 2

fn=(394) _dl_audit_preinit
118 3
+1 2
-1 1
+1 2
+10 3

fn=(130)
29 3
+1 2
-1 2
+2 1
-1 1
+1 1
+6 4

fl=(47) ./io/../sysdeps/unix/sysv/linux/open64_nocancel.c
fn=(152) __open_nocancel
28 20
+3 28
+8 20
+2 6
-2 4
+2 2

fl=(13)
fn=(28)
160 2
+1 4
-1 2
cfi=(12)
cfn=(27)
calls=1 287 
* 12888

fn=(29)
160 94
+1 138
-1 54
cfi=(12)
cfn=(27)
calls=27 287 
* 174159

fl=(16)
fn=(38)
105 1
+3 5
-3 1
+3 1
cfi=(12)
cfn=(42)
calls=1 +45 
* 94590

fl=(50) ./io/../sysdeps/unix/sysv/linux/fstat64.c
fn=(160) fstat
30 3
+9 6
-9 3
+9 9
+33 6

fl=(10)
fn=(22)
32 9
+5 9
+1 9
+2 9
+1 9
+1 5
+1 5
+1 5
+3 5
+1 1
+1 1
+1 1
+2 4
+1 4
+1 4
+1 4
+29 4
+1 4
+1 4
+1 4
+1 4
+1 4
+2 4
+1 4
+1 4
+1 4
+1 4
+2 4
+1 4
-4 70
+1 70
+2 70
+1 70
+1 4
+1 4
+1 7
+5 3
+1 3

fl=(53) ./elf/./dl-map-segments.h
fn=(166) _dl_map_object_from_fd
59 2
-1 2
+1 2
-1 10
+2 4
+41 8
-40 2
cfi=(54)
cfn=(168)
calls=2 +59 
* 12
* 2
+40 2
-40 6
+41 2
cfn=(167) _dl_map_object_from_fd'2
calls=2 +4 
* 466

fn=(167)
106 4
-1 2
+3 2
+7 20
+3 8
cfi=(54)
cfn=(170) mprotect
calls=2 +2 
* 12
* 8
+7 2
-44 2
+44 4
fi=(55) ./elf/./dl-load.h
-34 8
fe=(53)
+58 12
+8 2
-2 2
+2 2
-2 2
+1 2
+1 2
+1 2
-1 4
+3 4
+5 4
+3 4
+8 14
cfi=(10)
cfn=(22)
calls=2 32 
* 188
* 6
+6 4
+12 4
-59 20
+2 6
+2 22
cfi=(51)
cfn=(162)
calls=2 -92 
* 26
* 10
fi=(30)
1268 8
fi=(55)
92 4
+1 1
+1 2
-1 1
+1 1
-1 3
+3 4
cfi=(53)
cfn=(167)
calls=1 +53 
* 95
fe=(53)
+90 10
cfi=(51)
cfn=(162)
calls=1 47 
* 13
+3 5

fl=(78) ./elf/./dl-find_object.h
fn=(288) _dl_find_object_from_map
94 4
+1 4
+1 6
+1 4
+6 8
+1 4
+1 6
cfn=(289) _dl_find_object_from_map'2
calls=2 * 
* 92
fi=(77)
485 2
+1 6
+1 4
+3 4
cfn=(287) _dlfo_process_initial'2
calls=2 -2 
* 465
fe=(78)

fn=(289)
94 6
+1 6
+1 9
+1 6
+6 12
+1 6
+1 9
cfn=(289)
calls=3 * 
* 120
-1 81
+1 96
+2 25
+13 10
fi=(77)
517 6
cfn=(287)
calls=3 -11 
* 264
fe=(78)

fl=(20)
fn=(72)
42 7
+2 7
-2 7
+2 14

fn=(246)
68 1
fi=(138) ./elf/../include/list.h
-25 2
fe=(20)
+25 2
+1 1
fi=(138)
-26 2
+1 3
fe=(20)
+28 1
fi=(138)
-27 1
fe=(20)
+27 1
fi=(138)
-26 1
fe=(20)
+29 2
fi=(138)
-28 1
fe=(20)
+28 1
+7 1
+5 1
-12 1
+1 1
+6 1
-5 1
+13 1
+3 3
-18 1
+14 1
+1 1
-14 1
+6 1
-5 1
+16 1
+12 4
cfi=(12)
cfn=(33)
calls=1 390 
* 23
* 1
fi=(68) ./elf/../sysdeps/unix/sysv/linux/rseq-internal.h
-73 1
+2 7
+3 2
+3 2
fe=(20)
+81 2
+7 1
-7 1
+7 1
-7 1
+7 1
+1 3

fn=(54)
53 1
+8 1
+1 1
-9 1
+3 2
+5 3
-5 1
+6 1
-5 1
-1 1
+1 1
+1 1
-1 1
+1 1
-1 2
+1 2
+6 2

fl=(90)
fn=(326)
81 3
+5 2
-5 3
+5 1
-5 4
+2 1
+3 1
+2 1
cfn=(328) call_init
calls=1 -61 
* 462
fi=(1)
-40 1
+1 1
+2 1
+1 1
cob=(5) /home/ubuntu/first/sp24f_backup/kvs_lab/kvs_custom
cfi=(100) ???
cfn=(364) (below main)
calls=1 -52 
* 84009667
fe=(90)

fn=(327) _dl_init'2
94 3
+25 1
+1 3
+1 5
-1 1
+1 1
cfn=(329) call_init'2
calls=1 -94 
* 366

fn=(328)
27 4
+2 3
+6 6
+2 1
+9 1
-3 3
+3 2
+5 3
+8 2
+1 7
cob=(3) ???
cfi=(89) ???
cfn=(330) 0x00000000048504f8
calls=1 -60 
* 10
+3 1
+1 1
+6 1
+2 3
-2 1
+2 1
-2 1
+3 5
cfn=(329)
calls=1 +1 
* 24
+16 2
cfn=(327)
calls=1 +5 
* 380

fn=(329)
27 16
+2 12
+6 24
+2 4
+9 3
-3 9
+3 6
+5 6
+8 4
+4 2
+1 2
+6 2
+2 6
-2 2
+2 2
-2 2
+3 10
cfn=(329)
calls=2 +1 
* 209
+1 15
cob=(2)
cfi=(94) ???
cfn=(350) init_have_lse_atomics
calls=1 -74 
* 163
cfi=(92)
cfn=(344)
calls=1 -74 
* 36
cob=(4) /usr/libexec/valgrind/vgpreload_core-arm64-linux.so
cfi=(91) ???
cfn=(338) 0x0000000000000650
calls=1 -74 
* 11
-1 3
+3 13
-29 2
+74 15
-1 3
+1 3
cfn=(329)
calls=3 -94 
* 321
-1 8
+7 6

fl=(38)
fn=(128)
116 4
+1 4

fn=(120) _dl_debug_initialize
56 3
+3 1
+26 2
-22 1
+22 1
-22 1
+1 2
+21 1
-24 1
-4 1
+33 1
+1 1
+4 1
-4 2
+1 1
+3 1
+1 9
cfn=(121) _dl_debug_initialize'2
calls=1 +3 
* 3
fi=(2)
1733 1
+7 1
-5 1
+5 2
+3 4
cfn=(53)
calls=1 +1 
* 91654
fe=(38)

fn=(121)
99 1
+8 2

fn=(180) _dl_debug_update
38 9
+2 3
+8 6
-7 6
+3 6

fl=(82) ./elf/./elf/dl-lookup-direct.c
fn=(302) _dl_lookup_direct
74 12
+4 3
-4 9
+1 3
-1 12
+2 3
+2 3
+37 3
-37 9
+1 3
+2 6
+3 3
+2 3
+1 6
-3 3
+3 9
-3 8
+2 2
+1 4
-3 2
+3 6
-3 4
+3 3
cfn=(304) check_match
calls=3 -56 
* 524
+3 3
+3 4
+23 18

fn=(304)
31 15
+1 3
-1 9
+1 3
-1 6
fi=(4)
+48 3
fe=(82)
-47 3
+1 6
+3 12
+12 9
+3 3
+2 3
-2 6
+2 6
cfi=(26)
cfn=(74)
calls=3 +11 
* 218
* 3
+4 3
+1 6
-1 3
+1 18
+1 9
cfi=(26)
cfn=(74)
calls=3 +5 
* 153
-19 6
+24 18

fl=(25)
fn=(66)
72 22
+5 22
+1 22
+1 22
+1 22
+1 22
+1 22
+3 15
+1 15
+1 5
+1 5
+1 5
+1 5
+1 5
+4 10
+1 8
+1 8
+1 8
+1 8
+1 8
+4 2
+9 2
+1 1
+1 1
+1 1
+1 1
+1 1
+1 1
+1 1
+2 2
+5 7
+1 7
+1 7
+1 7
+1 7
+1 7
+1 7

fl=(7)
fn=(104) strsep
239 2
+3 4
+2 2
+1 2
+4 2
-2 2
+4 2
cfn=(105) strsep'2
calls=1 +3 
* 197
+20 1

fn=(105)
251 26
cfn=(105)
calls=13 +3 
* 1287
+5 56
-2 84
-5 29
+18 1
+3 1

fn=(292) __rtld_malloc_init_real
76 1
fi=(79) ./elf/../sysdeps/generic/dl-hash.h
-32 1
+1 1
fe=(7)
+31 3
fi=(79)
-33 1
+1 1
-1 1
fe=(7)
+43 2
-10 1
+10 1
+1 1
fi=(79)
-39 1
-3 1
+3 1
+14 2
-17 1
+3 4
-3 4
+3 4
+14 8
-17 4
+22 1
fe=(7)
+24 5
fi=(79)
-19 1
fe=(7)
+17 1
+2 1
cfn=(296) lookup_malloc_symbol
calls=1 -30 
* 2114
fi=(2)
2365 1
cfi=(81) ./elf/../sysdeps/nptl/dl-mutex.c
cfn=(300) __rtld_mutex_init
calls=1 30 
* 503
+6 1
+1 2
-1 2
+1 5
cfi=(70)
cfn=(253)
calls=1 207 
* 3037
fe=(7)

fn=(12)
42 1
+1 2
-1 1
+1 2
+1 1
-1 1
+1 1
+1 1
+1 1
-1 1
+1 1
-1 1
+1 1
+1 2

fn=(296)
61 1
+3 2
-3 3
+3 6
-3 1
+2 1
+1 1
cfi=(72)
cfn=(262)
calls=1 772 
* 496
+28 1
-1 1
+1 4
cfn=(297) lookup_malloc_symbol'2
calls=1 -31 
* 1597

fn=(297)
61 3
+3 6
-3 9
+3 18
-3 3
+2 3
+1 3
cfi=(72)
cfn=(262)
calls=3 772 
* 1530
+29 2
-1 1
+1 3
cfn=(297)
calls=1 -32 
* 1073
* 1
+1 2
-1 1
+1 3
cfn=(297)
calls=1 -33 
* 520
+5 3
+2 1
+1 1
+1 4

fl=(66)
fn=(226)
392 3
+4 2
-2 5
cfn=(227) _dl_check_all_versions'2
calls=1 +3 
* 2819
fi=(2)
676 1
+4 3
fe=(66)

fn=(227)
397 1
+1 5
cfn=(228) _dl_check_map_versions
calls=1 155 
* 2813

fn=(228)
155 4
+15 2
+2 1
fi=(4)
-93 6
fe=(66)
+93 2
+2 1
+1 1
+2 1
+3 1
-24 1
+24 1
-16 1
+16 1
+4 3
fi=(67) ./elf/../sysdeps/generic/_itoa.h
76 6
fe=(66)
+71 1
fi=(67)
-71 1
fe=(66)
+71 4
36 3
200 2
36 3
200 1
36 2
+1 3
-1 3
+2 12
cfi=(46)
cfn=(148) _dl_name_match_p
calls=4 +30 
* 351
* 5
208 1
+5 1
+5 2
-5 2
+5 1
-5 2
+5 1
-1 1
+1 1
-1 2
+1 10
+3 2
56 1
fi=(4)
+23 1
fe=(66)
-23 2
+8 3
+6 2
+16 1
+1 1
+2 2
+5 3
+14 6
+12 2
+4 1
-30 3
231 1
+3 1
-3 3
+3 1
110 1
+3 4
cfi=(26)
cfn=(74)
calls=1 -49 
* 60
* 1
224 5
+10 2
+9 2
+5 1
-50 1
cfn=(229) _dl_check_map_versions'2
calls=1 36 
* 768
397 1
+1 5
cfn=(229)
calls=1 155 
* 1474
-2 1
+2 2
-1 1
-1 1

fn=(229)
155 12
+15 6
+2 3
fi=(4)
-93 18
fe=(66)
+93 6
+2 3
+1 3
+2 3
+3 1
-24 1
+24 1
-16 1
+16 1
+4 3
fi=(67)
76 6
fe=(66)
+71 1
fi=(67)
-71 1
fe=(66)
+71 4
36 3
200 2
36 3
200 1
36 5
200 2
36 3
200 1
36 2
+1 5
-1 5
+2 21
cfi=(46)
cfn=(148)
calls=7 +30 
* 465
* 9
208 2
+5 2
+5 4
-5 4
+5 2
-5 4
+5 2
-1 2
+1 2
-1 4
+1 4
-1 2
+1 2
-1 4
+1 20
+3 4
56 2
fi=(4)
+23 2
fe=(66)
-23 4
218 6
+3 4
56 2
fi=(4)
+23 2
fe=(66)
-23 4
+8 12
+6 8
+16 4
+1 4
+2 8
+5 12
+14 75
+12 42
+4 21
-30 63
231 4
+3 4
-3 12
+3 4
+5 2
-24 2
cfn=(229)
calls=2 +3 
* 991
110 4
+3 16
cfi=(26)
cfn=(74)
calls=4 -49 
* 255
* 4
224 20
+10 4
+9 4
-87 2
+8 2
+93 3
cfn=(229)
calls=1 368 
* 8
* 10
+3 8
cfn=(229)
calls=2 +3 
* 763
+10 25
-7 25
+3 25
-3 75
+3 25
-3 2
+3 2
-3 6
+3 2
+8 2
fi=(23)
44 15
fe=(66)
280 3
fi=(23)
44 3
cfi=(24)
cfn=(62)
calls=3 +36 
* 114
fe=(66)
279 3
+2 3
fi=(23)
44 3
fe=(66)
281 3
+13 3
fi=(4)
79 3
fe=(66)
294 3
-3 3
+3 6
+2 3
+3 2
+11 2
-11 6
+4 6
cfn=(229)
calls=2 +3 
* 448
* 3
cfn=(229)
calls=1 +3 
* 50
+18 2
-15 4
+2 4
-2 6
+2 6
+2 5
+2 5
-2 5
+1 5
-1 5
+3 5
-1 5
+1 5
-2 5
+1 5
+1 5
+3 10
+8 6
+5 1
-28 1
cfn=(229)
calls=1 +2 
* 53
+33 2
+3 2
+11 2
-11 4
cfn=(229)
calls=2 +6 
* 405
+20 25
-14 54
+4 25
-6 25
+7 50
+1 25
-1 25
+1 25
-1 25
+1 25
+1 25
+3 54
+12 2
+1 4
+1 4
+1 16
+19 16
274 1
+60 1
-40 2
cfn=(229)
calls=1 +43 
* 77
397 2
+1 10
cfn=(229)
calls=2 155 
* 1639
-2 3
+2 6
-1 3
-1 4
+5 4

fl=(6)
fn=(254)
fi=(5)
133 2
+3 2
-3 2
fe=(6)
+42 2
fi=(5)
-40 2
-1 2
-1 2
+3 2
-2 4
-1 2
+3 2
fe=(6)
+41 4
+2 2
fi=(70)
-9 6
fi=(4)
-30 6
fi=(70)
+31 4
+3 12
fe=(6)
+14 3
+3 1
-3 3
+5 1
-5 1
+5 2
-5 1
+5 3
+3 11
+12 6
fi=(5)
-58 6
-19 6
+19 4
cfi=(70)
cfn=(253)
calls=1 +36 
* 14798
fi=(70)
+25 4
fe=(6)
-72 2
fi=(5)
+79 2
fe=(6)
-7 1
fi=(5)
+8 1
-1 3
fe=(6)
-5 2
+2 1
fi=(70)
-9 3
fi=(4)
-30 3
fi=(70)
+31 2
+3 8
fe=(6)
+34 3
fi=(5)
-12 3
-16 3
+16 4
cfi=(70)
cfn=(253)
calls=1 -10 
* 1926
fi=(70)
-21 3
cfn=(253)
calls=1 +2 
* 35350
fe=(6)

fn=(255)
fi=(5)
133 9
+3 9
-3 9
fe=(6)
+42 9
fi=(5)
-40 9
-1 9
-1 9
+3 9
-2 18
-1 9
+3 9
fe=(6)
+41 18
+2 9
fi=(70)
-9 27
fi=(4)
-30 27
fi=(70)
+31 18
+3 62
+12 4
fi=(4)
79 2
fi=(70)
186 4
-2 2
-1 2
+3 6
+1 2
+1 4
-1 4
+3 12
cfi=(72)
cfn=(263)
calls=2 772 
* 16711
fe=(6)
-2 18
+3 6
-3 18
+5 6
-5 6
+5 12
-5 6
+5 18
+3 66
+12 27
fi=(5)
-58 27
-19 27
+20 3
-1 20
cfi=(70)
cfn=(253)
calls=5 +36 
* 114576
fi=(70)
+25 8
fe=(6)
-72 4
fi=(5)
+79 4
fe=(6)
-7 2
fi=(5)
+8 2
-1 6
fe=(6)
-5 4
+2 2
fi=(70)
-9 6
fi=(4)
-30 6
fi=(70)
+31 4
+3 16
fe=(6)
+34 9
fi=(5)
-12 9
-16 10
cfn=(258)
calls=1 -49 
* 139
+16 8
cfi=(70)
cfn=(253)
calls=2 -10 
* 1990
fi=(70)
-21 6
cfn=(253)
calls=2 +2 
* 49133
fe=(6)

fl=(58)
fn=(184)
25 2
+4 1
-4 1
+4 7
+2 2
-2 1
+2 1

fl=(4)
fn=(270)
139 222
+1 111
fi=(72)
476 222
fi=(74) ./elf/../sysdeps/generic/dl-protected.h
29 333
fi=(72)
483 856
+16 111
+1 111
+1 111
+21 888
-35 24
fe=(4)

fn=(256) _dl_relocate_object
79 1
fi=(70)
301 2
fe=(4)
79 1
fi=(70)
301 43
-80 1
-38 1
fi=(5)
-69 1
fi=(70)
+69 2
+7 1
+31 1
-38 2
+38 1
fi=(6)
+33 3
fi=(5)
53 2
-3 1
-1 1
+4 1
fi=(70)
301 1
fi=(5)
49 1
+4 1
-3 1
-1 1
+4 1
+27 1
+34 2
+9 3
fi=(6)
303 1
fi=(5)
123 1
fi=(6)
303 3
fi=(5)
123 2
fi=(6)
303 2
fi=(5)
123 2
fi=(6)
303 6
fi=(5)
123 4
+3 2
+54 2
fi=(6)
+74 3
fi=(71)
37 1
+1 9
fi=(5)
182 2
fi=(6)
-7 1
fi=(5)
+8 1
-1 3
fi=(6)
-5 2
+2 1
fi=(70)
-9 3
fe=(4)
-30 3
fi=(70)
+31 2
+3 8
fi=(5)
+22 4
cfi=(70)
cfn=(253)
calls=1 -10 
* 2881
fe=(4)

fl=(26)
fn=(74)
64 220
+3 220
+1 220
+1 220
+1 220
+1 220
+1 112
+5 21
+1 21
+7 21
+1 21
+2 21
+1 21
+1 21
-13 8
+1 8
+7 8
+1 8
+2 8
+1 8
+1 8
+4 21
+1 21
+3 21
+1 21
+1 21
+2 21
+5 21
+1 21
+3 21
+1 21
+1 21
-15 53
+1 53
+1 53
+2 53
+5 53
+1 53
+3 53
+1 53
+1 53
+8 70
+1 70
+1 70
+1 70
+1 70
+1 70
+1 70
+1 70
+1 70
cfn=(75) strcmp'2
calls=70 -44 
* 1631
+5 129
+2 339
+1 339
+1 339
+1 339
+1 339
+1 313
+1 313
+3 103
+1 103
+1 103
+4 103
+1 103
+1 103
+1 103
+1 103
+1 103
+2 178
+5 89
+1 89
+4 89
+1 89
+1 89
+1 89
+1 89
+1 89
-10 26
+1 26
+4 26
+1 26
+1 26
+1 26
+1 26
+1 26
+2 89
+4 89
+1 89
+1 89
+2 50
+1 50
+1 50
+1 50
+5 50
+1 50
+1 50
cfn=(75)
calls=50 -95 
* 450
+3 26
+1 26

fn=(75)
77 73
+1 73
+7 73
+1 73
+2 73
+1 73
+1 73
-5 70
+1 70
+2 70
+1 70
+1 70
+4 70
+1 70
+3 70
+1 70
+1 70
+2 70
+5 70
+1 70
+3 70
+1 70
+1 70
-15 50
+1 50
+1 50
+2 50
+5 50
+1 50
+3 50
+1 50
+1 50

fl=(15)
fn=(34)
36 2
fi=(139) ./elf/../sysdeps/unix/sysv/linux/brk_call.h
-12 1
fe=(15)
+12 1
fi=(139)
-12 1
fe=(15)
+13 2
+1 2
+6 1
+1 2

fl=(61) ./io/../sysdeps/unix/sysv/linux/fstatat64.c
fn=(196) fstatat
146 1
-55 2
+55 1
-55 2
+70 3
+1 2

fl=(81)
fn=(300)
30 1
+7 1
+3 1
-10 2
+10 2
-3 1
+3 4
-10 1
+10 3
cfi=(82)
cfn=(302)
calls=1 +34 
* 215
+4 1
+1 11
+2 3
-2 1
+2 1
-2 1
+2 5
cfi=(82)
cfn=(302)
calls=1 +27 
* 233
+4 1
+1 9
+1 1
-1 2
+1 3

fl=(3)
fn=(76)
49 28
+3 1
-1 2
+17 14
-23 28
+9 3
+1 2
cfn=(77) dl_main'2
calls=1 +13 
* 93209

fn=(77)
49 8
+3 4
-1 8
+17 5
-23 10
+27 2
fi=(4)
+7 1
fe=(3)
-7 1
+12 2
+1 5
+1 5
+1 5
+1 2
+1 5
+1 5
+1 5
+12 1
+7 1
-7 5
+7 1
+5 3
+7 2
+1 4
+6 2
+18 2
+5 2
+2 1
+2 1
+2 1
+1 1
+3 2
+2 3
+1 1
+9 2
+6 1
+1 2
+3 2
fi=(2)
1698 2
+7 3
cfi=(8)
cfn=(14)
calls=1 28 
* 24
* 1
+3 3
fi=(27) ./elf/./setup-vdso.h
24 3
fe=(3)
+30 12
+1 8
cfn=(77)
calls=4 +13 
* 372706
fi=(28) ./elf/../sysdeps/unix/sysv/linux/dl-vdso.h
-15 2
+1 1
fi=(29) ./elf/../sysdeps/unix/sysv/linux/dl-vdso-setup.h
-11 5
+3 2
fi=(28)
+22 2
cfi=(29)
cfn=(84) dl_main
calls=1 -10 
* 93028
fe=(3)

fn=(4)
49 24
+3 1
-1 2
+17 12
-23 24
+9 3
+1 2
cfn=(5) _dl_start'2
calls=1 +13 
* 108672

fn=(5)
49 10
+3 4
-1 8
+17 6
-23 12
fi=(4)
+34 2
fe=(3)
+31 1
-38 2
+12 2
+1 6
+1 6
+1 6
+1 3
+1 6
+1 6
+1 6
+12 5
+7 1
+5 3
+7 2
+1 5
+6 2
+4 3
+1 2
+5 5
+3 6
fi=(2)
563 6
fi=(4)
79 1
fi=(2)
563 1
fi=(4)
79 1
fi=(2)
563 1
fi=(4)
79 1
fi=(2)
563 34
fe=(3)
54 12
+1 8
cfn=(5)
calls=4 +13 
* 434543
fi=(2)
563 3
cfi=(5)
cfn=(8) _dl_start
calls=1 53 
* 108481
fe=(3)
103 3
cfn=(5)
calls=1 +7 
* 108558

fl=(31) ./elf/./elf/dl-hwcaps.c
fn=(88) _dl_important_hwcaps
fi=(30)
720 2
fi=(23)
56 3
cfi=(24)
cfn=(64)
calls=1 -20 
* 24
fi=(30)
725 1
+2 1
+8 2
-1 2
+1 2
fi=(23)
56 1
fi=(30)
734 2
+5 1
fi=(23)
56 2
cfi=(24)
cfn=(64)
calls=1 -20 
* 24
fi=(30)
739 1
+2 3
+26 1
-19 2
+13 2
-14 1
+23 2
-22 2
+20 1
-5 1
+7 1
-14 1
+2 2
+1 1
+2 1
+7 1
-6 2
+5 1
+1 4
cfi=(10)
cfn=(22)
calls=1 32 
* 13
+2 3
-8 1
+8 1
-14 1
+7 1
-4 1
+4 1
-1 1
+4 5
cfn=(87) _dl_init_paths'2
calls=1 +1 
* 834
fe=(31)
172 4
+3 1
-3 1
+3 2
-3 5
+2 1
cfi=(32)
cfn=(90)
calls=1 27 
* 5
* 1
fi=(34) ./elf/./dl-hwcaps.h
-97 1
-32 1
+33 1
-1 1
+2 1
cfi=(31)
cfn=(89) _dl_important_hwcaps'2
calls=1 -27 
* 318
fe=(31)

fn=(89)
52 2
cfi=(33) ./elf/./elf/dl-hwcaps_split.c
cfn=(92) _dl_hwcaps_split_masked
calls=1 -1 
* 22
* 1
fi=(34)
-9 2
+2 1
+33 2
-1 2
+2 1
cfi=(31)
cfn=(89)
calls=1 -27 
* 285
fe=(31)
-27 2
cfi=(33)
cfn=(92)
calls=1 -1 
* 29
* 1
fi=(23)
+4 1
fe=(31)
+44 3
fi=(23)
-44 2
cfi=(24)
cfn=(64)
calls=1 -20 
* 24
fe=(31)
+44 2
+2 1
fi=(34)
-59 1
fe=(31)
+65 1
-3 1
fi=(34)
-60 1
+1 1
cfi=(31)
cfn=(89)
calls=1 +66 
* 215
fe=(31)
+66 2
cfi=(33)
cfn=(94) _dl_hwcaps_split
calls=1 -87 
* 10
* 1
fi=(34)
-69 2
+2 1
+33 2
-1 2
+2 1
cfi=(31)
cfn=(89)
calls=1 +46 
* 194
fe=(31)
+46 2
cfi=(33)
cfn=(92)
calls=1 -74 
* 29
* 1
+8 2
+9 6
fi=(23)
-86 1
fe=(31)
189 1
-4 1
fi=(23)
56 1
fe=(31)
186 2
+3 2
+4 1
-7 1
+7 1
fi=(23)
56 2
cfi=(24)
cfn=(64)
calls=1 -20 
* 24
* 1
fe=(31)
194 1
+8 1
+1 2
-1 1
+1 1
-1 2
+1 1
cfn=(100) copy_hwcaps
calls=1 74 
* 107

fn=(100)
74 3
+6 1
-6 1
+6 1
-6 2
+10 1
fi=(34)
-39 1
+33 1
-1 1
+2 1
cfi=(31)
cfn=(101) copy_hwcaps'2
calls=1 -2 
* 29
fe=(31)
204 6
cfn=(101)
calls=1 74 
* 59

fn=(101)
74 3
+6 1
-6 1
+6 1
-6 2
+10 1
fi=(34)
-39 1
+33 1
-1 1
+2 1
cfi=(31)
cfn=(101)
calls=1 -2 
* 36
fe=(31)
-2 4
cfi=(33)
cfn=(92)
calls=2 -26 
* 51
* 2
+13 8
208 1
+8 3
-7 1
+4 2
+3 3

fl=(46)
fn=(148)
68 100
+1 40
cfi=(26)
cfn=(74)
calls=20 -5 
* 376
* 20
+3 20
+2 20
+6 42
-6 21
+1 78
cfi=(26)
cfn=(74)
calls=26 -11 
* 753
* 26
+8 5
-13 5
+13 25
-1 15
+1 30

fn=(200)
36 4
+3 1
-3 2
+3 1
cfi=(47)
cfn=(152)
calls=1 -11 
* 19
+1 1
+2 3
cfi=(50)
cfn=(160)
calls=1 -12 
* 9
* 1
+2 2
+3 1
+2 6
cfi=(51)
cfn=(162)
calls=1 -2 
* 13
* 2
cfn=(201) _dl_sysdep_read_whole_file'2
calls=1 +11 
* 16
fi=(62)
411 1
+8 5
+1 19
+3 3
+1 1
-1 3
fi=(63)
194 1
+1 4
fi=(62)
431 1
+1 2
cfn=(199)
calls=1 +50 
* 851
fe=(46)

fn=(201)
60 2
cfi=(57) ./io/../sysdeps/unix/sysv/linux/close_nocancel.c
cfn=(178) __GI___close_nocancel
calls=1 -35 
* 9
+3 5

fl=(22)
fn=(70) _dl_add_to_namespace_list
31 3
+2 3
-2 3
+2 3
-2 12
+2 9
cfi=(20)
cfn=(72)
calls=3 +9 
* 15
+2 26
+3 15
+2 2
+2 2
+4 4
+4 4
-4 2
+1 2
-1 2
+5 2
-3 2
-2 2
+4 2
-4 4
+1 2
+3 2
+1 2
-3 2
+3 2
-1 2
cfi=(20)
cfn=(72)
calls=2 -8 
* 10
-5 2
cfn=(71) _dl_add_to_namespace_list'2
calls=1 +1 
* 19
fi=(20)
-3 1
+2 1
-2 1
+2 2
fe=(22)

fn=(71)
46 2
+4 2
-4 1
+1 1
-1 1
+5 1
-3 1
-2 1
+4 1
-4 2
+1 1
+3 1
+1 1
-3 1
+3 1
-1 1

fn=(58) _dl_new_object
59 8
+3 1
-3 5
+3 2
+2 1
+2 1
+1 2
+4 4
+6 4
cfi=(23)
cfn=(60)
calls=1 -33 
* 248
fi=(2)
1639 1
+2 1
+1 1
-2 1
+2 1
+4 1
-5 2
+5 1
cfi=(22)
cfn=(70)
calls=1 31 
* 50
+1 6
1115 1
1351 1
1116 1
+6 1
+2 1
-2 3
+21 1
-21 1
+2 1
+19 1
-21 1
+3 1
-1 1
+1 2
+18 2
+57 1
-37 1
-19 1
+19 1
-19 1
+19 1
+37 1
-56 1
+99 1
-43 1
-57 2
1243 1
1118 1
+22 1
+4 3
+4 3
+1 1
cfn=(53)
calls=1 -6 
* 93660
fe=(22)

fn=(59)
fi=(30)
1053 2
+1 2
+11 2
+2 2
+2 2
-3 2
+4 2
-4 2
+4 2
-1 2
-4 2
+2 2
+3 6
+1 4
+19 4
-2 4
+2 24
+10 2
-10 2
+10 6
+27 2
-26 2
+62 2
-62 2
-1 2
+1 2
+26 2
-33 2
-1 2
-1 2
+35 2
+9 2
-45 2
-5 2
+77 6
cfn=(157) _dl_map_object_from_fd'2
calls=2 -62 
* 1151
1269 6
fi=(56) ./elf/./elf/get-dynamic-info.h
39 2
+6 2
-2 2
+2 2
+7 2
+2 2
-2 2
+3 2
-2 4
-4 24
+3 2
-1 4
+17 10
-23 20
+9 6
+2 8
+3 10
+3 8
+2 6
cfn=(174) _dl_map_object_from_fd
calls=2 +4 
* 1006
fe=(22)
-5 16
+3 2
-3 10
+3 4
+18 2
+3 2
-3 2
+3 2
cfi=(18)
cfn=(48)
calls=2 -33 
* 45
* 6
+4 2
+5 4
fi=(23)
-48 8
cfi=(24)
cfn=(62)
calls=2 +36 
* 165
* 2
fe=(22)
+51 2
+5 2
-2 2
+6 2
-4 2
+3 2
-1 2
-3 2
+5 4
-2 2
+2 2
cfi=(25)
cfn=(66)
calls=2 -32 
* 29
* 2
+2 6
+13 4
+8 2
+3 4
-3 4
+3 4
+6 3
-4 3
+7 8
fi=(4)
1322 1
+2 2
fe=(22)
139 2
+2 1
-2 2
fi=(4)
1324 30
fe=(22)
139 30
+2 15
-2 30
+16 9
-6 3
+6 3
-5 3
+5 3
-5 3
-1 3
+6 3
+2 4
+3 2
-3 4
+7 6
+4 4
+8 1
+3 2
+10 2
-10 4
+10 4
+2 4
cfi=(18)
cfn=(48)
calls=2 50 
* 60
* 4
+4 4
+50 6
cfi=(25)
cfn=(66)
calls=2 72 
* 28
* 2
+5 2
+1 6
-1 40
+1 120
+4 4
+1 2
+3 2
+4 24
131 6
cfn=(59)
calls=2 +5 
* 422
-8 2
-4 2
+34 1
+7 3
cfn=(59)
calls=1 +16 
* 13
+8 8
fi=(23)
56 8
cfi=(24)
cfn=(64)
calls=2 -20 
* 48
* 2
fe=(22)
200 2

fl=(51)
fn=(162)
47 20
+3 20
+8 70
+2 20

fl=(45)
fn=(142)
36 4
+4 4
+1 4
+1 4
+1 4
+1 4
+3 12
+1 4
+7 4
+1 4
+1 4
+1 4
+1 4
+2 4
+1 12
+1 4
+7 4
+1 4

fl=(83)
fn=(306)
29 1
-2 1
+6 2
-6 1
+6 4
-6 3
+6 3
cfi=(82)
cfn=(302)
calls=1 +41 
* 220
+4 1
+2 6
+1 1
+1 1
-2 1
+2 1
-1 2
cob=(2)
cfi=(84) ./elf/./elf/libc_early_init.c
cfn=(308) __libc_early_init
calls=1 -7 
* 287

fl=(70)
fn=(252)
207 9
+1 1
-1 1
+1 1
+12 1
+6 2
+2 2
+1 1
-1 1
+1 1
-5 2
cfn=(253)
calls=1 +27 
* 53833
fi=(2)
2285 1
+26 1
-19 1
+1 1
+17 4
-17 4
+2 2
+9 2
-9 2
+5 4
+2 2
+6 6
+2 4
+1 7
cfi=(70)
cfn=(253)
calls=1 207 
* 20
+4 7
+1 2
-23 1
+23 1
cfi=(40)
cfn=(280)
calls=1 1017 
* 25340
-12 1
+1 1
-3 1
fe=(70)

fn=(253)
207 36
+1 4
-1 4
+1 4
+12 3
+6 6
+2 6
+1 3
-1 3
+1 3
+22 4
+1 8
-32 2
+35 8
+7 8
fi=(6)
67 4
fi=(4)
+12 4
fi=(6)
-12 16
fi=(4)
+12 3
fe=(70)
301 6
fi=(4)
79 3
fe=(70)
301 127
-80 3
-38 3
fi=(5)
-69 3
fe=(70)
+69 6
+7 3
+31 3
-38 6
+38 3
fi=(6)
+33 9
fi=(5)
53 6
-3 3
-1 3
+4 3
fe=(70)
301 3
fi=(5)
49 3
+4 3
-3 3
-1 3
+4 3
+27 3
fe=(70)
301 4
fi=(4)
79 4
fe=(70)
301 4
fi=(5)
51 8
fi=(4)
+28 8
cfi=(5)
cfn=(258)
calls=2 -26 
* 150
cfi=(5)
cfn=(259)
calls=2 -26 
* 203
fe=(70)
350 8
fi=(5)
114 6
+9 6
fi=(6)
303 2
fi=(5)
123 2
fi=(6)
303 6
fi=(5)
123 4
fi=(6)
303 1091
fi=(5)
123 1091
fi=(6)
303 3273
fi=(5)
123 2182
+3 6
fi=(4)
-47 3
fi=(5)
+50 6
+2 6
fi=(71)
-93 3
-1 6
+1 3
fi=(6)
254 6
fi=(71)
37 6
fi=(6)
254 3
fi=(71)
38 3
fi=(5)
+95 3
+3 3
-3 3
fi=(6)
+42 3
fi=(5)
-40 3
-1 3
-1 3
+3 3
-2 6
-1 3
+3 3
fi=(6)
+41 6
+2 3
fe=(70)
-9 9
fi=(4)
-30 9
fe=(70)
+31 6
+3 24
+12 132
fi=(4)
79 66
fe=(70)
186 132
-2 66
-1 66
+3 198
+1 66
+1 132
-1 132
+3 396
cfi=(72)
cfn=(263)
calls=63 772 
* 1706601
cfi=(72)
cfn=(262)
calls=3 772 
* 63577
fi=(5)
-40 12
cfi=(70)
cfn=(253)
calls=3 +36 
* 63640
fe=(70)
+27 14
+1 14
-1 7
+19 7
-19 14
+1 7
cfi=(6)
cfn=(255)
calls=6 +10 
* 150328
cfi=(6)
cfn=(254)
calls=1 +10 
* 35421
fi=(6)
72 3
+1 2
+4 1
+10 1
+16 5
cfi=(4)
cfn=(256)
calls=1 -24 
* 3026
fe=(70)
301 9
cfn=(253)
calls=3 -80 
* 71534
186 12
fi=(4)
79 6
fe=(70)
186 12
-2 6
-1 6
+3 12
+4 48
cfi=(72)
cfn=(263)
calls=5 772 
* 7116
cfi=(72)
cfn=(262)
calls=1 772 
* 2864
+63 4
cfn=(253)
calls=2 +2 
* 69242
-29 6
cfn=(253)
calls=3 +27 
* 20945
fi=(2)
2293 6
+2 1
+9 1
-9 1
+5 2
+2 1
+6 3
+2 2
+1 7
cfi=(70)
cfn=(253)
calls=1 207 
* 22194
+4 4
-22 1
+32 4
+4 5
+2 6
+7 3
cfi=(40)
cfn=(282)
calls=1 523 
* 6729
+34 1
cfn=(53)
calls=1 +8 
* 540
fe=(70)

fn=(278) _dl_protect_relro
355 4
+1 4
-1 4
+1 8
-1 8
+1 8
+3 4
-3 8
+3 8
+4 8
+7 12
-6 12
cfi=(54)
cfn=(170)
calls=4 120 
* 24
* 4

fl=(35) ./string/../sysdeps/aarch64/strchr.S
fn=(110) index
54 7
+2 7
+1 7
+1 7
+1 7
+1 7
+1 7
+1 7
+1 7
+1 7
+1 7
+1 7
+1 7
+2 4
+1 4
+3 4
+1 4
+1 4
+1 4
+4 4
+1 4
+1 4
+1 4
+1 4
+1 4
+1 1
+1 1
+1 1
+1 1
+1 1
+1 1
+9 3
+1 3
+1 3
+1 3
+2 3
+1 3
+2 3
+1 3
+1 3
+1 3

fl=(5)
fn=(8)
53 1
fi=(4)
+26 1
fi=(6)
188 1
fe=(5)
53 2
-3 1
-1 1
+4 1
-4 1
+1 1
+3 1
-4 1
+4 1
+3 3
fi=(6)
303 1
fe=(5)
56 1
fi=(6)
303 3
fe=(5)
56 2
fi=(6)
303 22
fe=(5)
56 22
fi=(6)
303 66
fe=(5)
56 44
+5 2
fi=(6)
179 4
+9 24
+4 8
-4 4
+4 8
-4 4
+4 4
+4 12
+4 12
fe=(5)
61 12
+2 8
+2 4
-1 8
fi=(6)
177 8
fi=(2)
563 1
fi=(4)
79 1
fi=(2)
563 1
fe=(5)
51 2
fi=(4)
+28 2
cfi=(5)
cfn=(9) _dl_start'2
calls=1 -26 
* 108175
fe=(5)

fn=(9)
53 2
-3 1
-1 1
+4 1
-4 1
+1 1
+3 1
-4 1
+4 1
+3 2
+5 3
cfi=(2)
cfn=(3)
calls=1 563 
* 108160

fn=(258)
53 4
-3 2
-1 2
+4 2
fi=(70)
301 2
fe=(5)
49 2
+4 2
-3 2
-1 2
+4 2
+27 2
fi=(70)
301 2
+3 14
+24 6
+3 2
+17 4
fe=(5)
114 4
+9 2
+3 4
fi=(4)
-47 2
fe=(5)
+50 4
+2 4
+2 1
+3 1
-3 1
fi=(6)
+42 1
fe=(5)
-40 1
-1 1
-1 1
+3 1
-2 2
-1 1
+3 1
fi=(6)
+41 2
+2 1
fi=(70)
-9 3
fi=(6)
+18 1
+5 1
-5 1
+5 2
-5 1
+5 3
+3 3
fe=(5)
-46 2
-19 8
cfi=(70)
cfn=(253)
calls=1 301 
* 134
fi=(6)
+57 6
+8 6
+15 1
+62 1
+2 4
+2 4
-1 1
fe=(5)
150 2
cfn=(259)
calls=1 * 
* 45488
fi=(70)
349 4
cfn=(278)
calls=2 +6 
* 58
+1 16
fe=(5)

fn=(259)
53 4
-3 2
-1 2
+4 2
fi=(70)
301 2
fe=(5)
49 2
+4 2
-3 2
-1 2
+4 2
+27 2
+3 4
fi=(6)
342 12
fe=(5)
83 12
fi=(6)
314 4
-1 4
+3 8
+2 8
+23 8
fe=(5)
83 2
fi=(70)
301 2
+3 14
+24 6
+3 2
+17 4
fe=(5)
114 2
+9 2
+3 2
fi=(4)
-47 1
fe=(5)
+50 2
+2 2
+2 13
+3 13
-3 13
fi=(6)
+42 13
fe=(5)
-40 13
-1 13
-1 13
+3 13
-2 26
-1 13
+3 13
fi=(6)
+41 26
+2 13
fi=(70)
-9 39
fi=(4)
-30 6
fi=(70)
+31 4
+3 16
fi=(6)
+14 11
+5 11
-5 11
+5 22
-5 11
+5 33
+3 33
fe=(5)
-46 28
-19 47
cfi=(70)
cfn=(253)
calls=1 301 
* 83
fi=(6)
+57 66
+8 64
+15 10
+62 10
+2 40
+2 40
-1 10
fe=(5)
150 20
cfn=(259)
calls=10 * 
* 451580
* 8
cfi=(70)
cfn=(253)
calls=2 +36 
* 67829
fi=(6)
282 3
+1 3
fi=(71)
38 1
-1 1
+1 2
+1 2
+1 2
cob=(2)
cfi=(76)
cfn=(276)
calls=1 -6 
* 13
* 1
fi=(6)
285 1
fe=(5)
150 2
cfn=(259)
calls=1 * 
* 93
fi=(70)
349 4
cfn=(278)
calls=2 +6 
* 58
+1 16
fe=(5)

fl=(54)
fn=(170)
120 30
+2 6

fn=(168)
120 25
+2 5

fl=(57)
fn=(178)
25 3
+1 6
-1 3
+1 9
+1 6

fl=(36)
fn=(112)
40 12
+1 3
cfi=(18)
cfn=(48)
calls=3 +9 
* 73
fi=(37) ./string/../include/rtld-malloc.h
+15 3
fe=(36)
-15 3
fi=(37)
+15 9
cfi=(24)
cfn=(64)
calls=3 -20 
* 72
fe=(36)
-12 3
+3 6
+1 6
-1 3
cfi=(25)
cfn=(66)
calls=3 +25 
* 43

fl=(9)
fn=(320) _dl_sysdep_start_cleanup
147 2
+1 2

fn=(20) _dl_sysdep_parse_arguments
78 1
+1 1
+1 1
-2 1
+1 2
+2 1
-1 1
-2 1
+3 2
-3 2
+3 2
+2 59
+7 1
-4 2
+4 3
-4 2
+4 1
cfi=(10)
cfn=(22)
calls=1 -58 
* 44
* 1
fi=(11) ./elf/../sysdeps/unix/sysv/linux/dl-parse_auxv.h
-58 1
+9 1
-9 1
+1 1
+6 1
-6 1
-1 1
+7 1
+2 2
+1 44
+1 44
-2 44
+7 1
+1 1
+2 1
fe=(9)
+42 1
fi=(11)
-48 1
fe=(9)
+50 1
fi=(11)
-39 1
-1 1
fe=(9)
+39 1
fi=(11)
-42 1
+1 1
-7 1
-1 1
+1 2
fe=(9)
+50 1
fi=(11)
-49 1
+7 1
+1 1
-3 1
+1 1
-5 1
+8 1
-7 1
+1 1
+1 1
-5 1
fe=(9)
+47 1
+1 1
+1 1
+1 3

fn=(18)
102 3
+1 2
-1 1
fi=(6)
+26 1
fe=(9)
-26 2
+4 1
-4 1
+1 1
+3 1
cfn=(20)
calls=1 -28 
* 303
+4 3
cfi=(12)
cfn=(26)
calls=1 261 
* 107765
fi=(2)
496 2
+89 7
fe=(9)

fl=(33)
fn=(94)
25 24
+1 12
+4 9
+4 9
+2 3
+11 6
-20 6
+20 12

fn=(92)
51 20
+3 10
cfn=(94)
calls=5 -29 
* 71
* 10
+8 20

fl=(52)
fn=(164)
33 8
+2 8
+14 3
-9 7
cfi=(12)
cfn=(33)
calls=1 390 
* 23
* 2
+7 2
+1 1
+1 3

fl=(65)
fn=(214)
30 2
+4 2
-4 4
+5 2
-4 2
-1 2
+5 4
+10 6
+1 2
+17 6

fl=(64)
fn=(212)
85 4
fi=(59)
448 6
+1 4
cfn=(187)
calls=1 +3 
* 413
fe=(64)

fl=(29)
fn=(84)
45 2
fi=(140) ./elf/./dl-main.h
+64 2
fe=(29)
-64 1
fi=(140)
+64 3
cfi=(30)
cfn=(86) _dl_init_paths
calls=1 706 
* 93020
fe=(29)

fl=(21)
fn=(56)
28 9
+1 3
+3 7
cfn=(57) _dl_next_ld_env_entry'2
calls=1 +17 
* 2
* 52
+2 84
+1 27
+2 2
+3 4
+9 4
fi=(2)
2602 1
2727 5
1373 2
+1 2
-1 1
+1 1
-1 2
+1 2
1637 9
cfi=(22)
cfn=(58)
calls=1 59 
* 94042
fe=(21)

fn=(57)
49 2

fl=(19)
fn=(50)
37 3
+3 1
-3 2
+3 1
+18 1
+4 2
+16 5

fl=(48) ./io/../sysdeps/unix/sysv/linux/read_nocancel.c
fn=(154) __read_nocancel
25 2
+1 4
-1 2
+1 6
+1 4

fl=(30)
fn=(86)
706 1
+14 1
-14 2
+14 1
-14 5
fi=(23)
56 1
fe=(30)
706 1
+14 5
cfi=(31)
cfn=(88)
calls=1 172 
* 1302
fi=(2)
1733 5
cfi=(38)
cfn=(120)
calls=1 56 
* 91696
fe=(30)

fn=(87)
767 3
+1 12
cfi=(10)
cfn=(22)
calls=3 32 
* 39
+2 8
-8 2
+8 2
-14 2
+7 2
-4 2
+4 2
-1 2
+4 10
cfn=(87)
calls=2 +1 
* 1569
+16 1
-6 1
+6 1
+3 2
-15 1
+15 1
-8 1
+8 1
-9 2
+11 4
+2 2
+36 4
+2 2
cfi=(18)
cfn=(48)
calls=1 50 
* 22
* 7
-19 1
-2 2
+2 1
+19 8
cfi=(25)
cfn=(66)
calls=1 72 
* 15
+5 1
-5 1
+5 2
-1 2
+2 1
-1 1
+1 1
+1 2
-2 1
+1 13
-1 13
+1 13
+1 26
-2 13
+5 2
fi=(23)
56 2
cfi=(24)
cfn=(64)
calls=1 -20 
* 24
fe=(30)
836 2
fi=(23)
56 1
fe=(30)
836 1
+2 1
+6 7
cfn=(102) fillin_rpath.isra.0
calls=1 468 
* 537
-22 2
cfn=(87)
calls=1 +3 
* 725

fn=(108)
238 5
+3 5
-3 10
+7 5
-4 5
cfi=(35)
cfn=(110)
calls=5 54 
* 137
+3 5
+20 20

fn=(106) expand_dynamic_string_token
385 12
+10 4
cfn=(108)
calls=2 238 
* 82
+3 2
+12 2
-11 2
+11 4
-11 2
cfi=(36)
cfn=(112)
calls=2 40 
* 154

fn=(192) open_path
1812 9
+1 2
-1 2
+7 1
+5 20
+70 3
1536 2
1824 3
-7 5
+10 3
+8 2
+7 3
-11 1
+11 1
cfi=(25)
cfn=(66)
calls=1 72 
* 15
* 1
+1 1
+50 1
-51 1
+51 2
-50 3
+3 3
+5 7
cfi=(25)
cfn=(66)
calls=1 72 
* 13
* 5
cfi=(25)
cfn=(66)
calls=1 72 
* 15
* 1
+9 1
-6 1
+6 1
+3 7
cfn=(150)
calls=1 1572 
* 136
2100 1
+6 3
+1 7
cfn=(191) cache_rpath'2
calls=1 681 
* 2963

fn=(193) open_path'2
1843 3
1960 9
-23 9
+6 3
-2 3
+2 1
+3 4
1822 2
cfn=(193)
calls=1 1960 
* 9

fn=(102)
468 4
+4 1
-4 1
+41 3
-41 1
+64 2
-64 2
fi=(23)
50 1
fe=(30)
468 3
+6 3
cfi=(7)
cfn=(104)
calls=1 239 
* 208
* 2
+7 2
+2 3
cfn=(106)
calls=1 -98 
* 112
* 1
+4 1
+5 1
cfi=(18)
cfn=(48)
calls=1 50 
* 13
* 1
+1 1
+7 6
+5 1
-22 1
+22 3
cfn=(103)
calls=1 +4 
* 146
847 3
+6 3
+4 8

fn=(103)
474 3
cfi=(7)
cfn=(104)
calls=1 239 
* 6
* 2
+97 1
+3 7
-65 10
+1 12
+18 3
+4 1
fi=(23)
56 1
fe=(30)
532 1
fi=(23)
56 1
fe=(30)
532 3
fi=(23)
56 2
cfi=(24)
cfn=(64)
calls=1 -20 
* 24
* 1
fe=(30)
534 1
+5 1
+1 2
-1 2
-1 1
+2 1
cfi=(25)
cfn=(66)
calls=1 72 
* 15
* 1
+3 1
-2 1
+2 3
+6 2
+1 1
-1 2
+1 1
-1 1
+1 2
+1 1
-1 3
+3 2
+1 2
+7 2
-6 1
+7 1
+3 3
cfi=(23)
cfn=(116)
calls=1 50 
* 34

fn=(156) _dl_map_object_from_fd
944 12
+15 2
-15 18
+15 2
-15 4
+15 2
+77 6
+10 6
+7 12
cfi=(22)
cfn=(59)
calls=2 59 
* 3174
fi=(49) ./elf/../sysdeps/posix/dl-fileid.h
37 8
cfi=(50)
cfn=(160)
calls=2 -7 
* 18
* 4
fe=(30)
989 8
fi=(49)
41 4
fe=(30)
989 14
+1 10
fi=(49)
49 18
fe=(30)
1008 2
2268 4
cfn=(147)
calls=2 +2 
* 18

fn=(157)
1101 50
+26 16
+12 12
-3 4
+5 8
-5 4
+1 4
+2 4
-2 4
+2 4
-2 4
+1 4
+3 4
-6 4
+6 16
+2 16
+13 10
+1 4
+5 2
+1 2
-28 2
+27 2
+1 6
-1 2
-62 6
+62 2
+1 2
-28 2
+27 2
+1 6
-1 2
-62 39
+1 87
1213 4
1100 2
1214 4
1100 4
1218 6
+10 2
+1 2
-1 2
+1 2
-1 4
+1 2
-1 2
+1 2
-1 4
+7 6
+10 6
+7 8
fi=(53)
28 2
fe=(30)
1252 4
fi=(53)
28 4
fe=(30)
1519 18
1121 2
+1 1
cfn=(157)
calls=1 -22 
* 678
-15 4
+9 2
-1 2
+1 6
-2 2
+2 2
-1 2
-1 2
+1 2
+1 4
cfn=(157)
calls=2 -16 
* 878
+60 2
+4 1
+14 1
-13 2
+13 1
-80 1
+71 5
+1 1
+3 1
-3 1
+8 2
+15 2
+1 2
cfn=(157)
calls=2 1100 
* 784
1471 2
+1 4
+5 2
cfi=(40)
cfn=(210)
calls=1 141 
* 14
+7 3
cfi=(22)
cfn=(70)
calls=1 31 
* 60
+3 1
+4 2
cfi=(38)
cfn=(180)
calls=1 38 
* 10
* 1
+1 2
+18 2
+4 7
+1 3
cfi=(42)
cfn=(182)
calls=1 77 
* 11
* 1
cfn=(157)
calls=1 +4 
* 9
fi=(53)
36 6
+1 2
-1 2
+1 14
-1 2
+1 4
cfi=(51)
cfn=(162)
calls=2 +10 
* 26
* 2
+4 4
+3 2
+1 4
-1 2
+1 2
-1 4
+1 6
-1 2
+1 2
cfi=(51)
cfn=(162)
calls=2 +2 
* 26
* 2
+4 14
+6 4
+1 14
cfi=(54)
cfn=(168)
calls=2 +64 
* 12
* 12
cfn=(166)
calls=2 +3 
* 520
fe=(30)

fn=(190) cache_rpath
681 2
+1 3
+1 2
cfn=(191)
calls=1 +16 
* 2
2074 4
+1 7
cfn=(191)
calls=1 681 
* 3280
-17 2
+1 1
+14 8
+1 1

fn=(191)
681 4
+1 6
+17 6
-16 4
cfn=(191)
calls=2 +16 
* 4
2100 15
cfn=(192)
calls=1 1812 
* 3245
+7 2
+8 1
+14 1
+2 3
+4 2
cfi=(62)
cfn=(198)
calls=1 403 
* 2945
-60 3
+9 1
+15 6
+1 1

fn=(146)
fi=(59)
64 1
+5 3
fe=(30)
1967 32
+8 8
+1 28
+3 46
+5 45
+2 27
cfi=(46)
cfn=(148)
calls=9 68 
* 760
* 9
+4 14
+1 14
+3 4
fi=(4)
79 2
fe=(30)
1995 2
-1 4
+1 4
+1 6
cfi=(26)
cfn=(74)
calls=2 64 
* 71
* 2
2270 18
2009 2
+2 4
-1 8
+9 2
-50 2
+50 4
+17 4
-2 2
+2 2
cfi=(35)
cfn=(110)
calls=2 54 
* 38
* 2
2202 1
-1 3
cfn=(106)
calls=1 385 
* 152
-1 1
+1 1
+6 1
-4 1
+4 8
cfn=(150)
calls=1 1572 
* 112
+3 1
-3 1
+3 2
+12 2
+45 1
+1 6
-1 1
+1 3
-1 1
+1 1
cfn=(156)
calls=1 944 
* 1548
2040 2
cfi=(18)
cfn=(48)
calls=1 50 
* 13
+2 1
-2 2
+2 1
+7 3
+4 1
+8 3
-2 1
+2 2
-7 2
+7 1
-7 9
cfn=(147)
calls=1 +5 
* 3318
fi=(2)
644 1
+2 3
fe=(30)

fn=(147)
2270 18
-3 1
+1 6
-1 1
+1 3
-1 1
+1 1
cfn=(156)
calls=1 944 
* 1798
2059 6
cfn=(190)
calls=1 681 
* 3312

fn=(150)
1572 3
+32 3
-32 30
+32 6
+19 9
cfi=(47)
cfn=(152)
calls=3 28 
* 61
* 3
+2 6
+9 2
-1 4
+6 2
-6 2
+1 2
+5 8
cfi=(48)
cfn=(154)
calls=2 25 
* 18
* 2
+2 4
+2 6
+2 4
+6 4
+17 30
+81 2
-81 2
+81 4
+5 6
+6 10
+6 6
+6 2
+1 2
-1 2
+1 6
+26 16
1609 2
cfn=(151) open_verify.constprop.0'2
calls=1 1799 
* 8
+59 6
1863 1
+2 2
+2 2
+5 1
+1 8
+6 1
+2 2
-2 1
+2 1
cfi=(60) ./io/../sysdeps/unix/sysv/linux/stat64.c
cfn=(194) stat
calls=1 28 
* 19
+3 1
-3 1
+1 7
-39 2
cfn=(193)
calls=1 * 
* 34

fn=(151)
1799 8

fl=(56)
fn=(174)
49 48
+3 2
-1 4
+17 24
-23 48
+9 6
+1 4
cfn=(175) _dl_map_object_from_fd'2
calls=2 +13 
* 870

fn=(175)
49 16
+3 7
-1 14

ob=(2)
fl=(124) ./stdio-common/./stdio-common/isoc99_fscanf.c
fn=(482) __isoc99_fscanf
fi=(106) /home/ubuntu/first/sp24f_backup/kvs_lab/main.c
22 6
cob=(5)
cfi=(132) /home/ubuntu/first/sp24f_backup/kvs_lab/put.c
cfn=(516) put
calls=1 -17 
* 84004242
-1 2
fe=(124)
+4 1
+4 1
-4 2
+4 1
-4 2
+4 1
+1 1
-5 9
+5 2
-5 5
+4 3
+1 1
-1 1
+1 3
cfi=(125) ./stdio-common/./stdio-common/vfscanf-internal.c
cfn=(484) __vfscanf_internal
calls=1 278 
* 2287

fn=(483) __isoc99_fscanf'2
fi=(106)
22 5166
cob=(5)
cfi=(132)
cfn=(517) put'2
calls=861 -17 
* 42685836118
-1 1722
fe=(124)
+4 862
+4 862
-4 1724
+4 862
-4 1724
+4 862
+1 862
-5 7758
+5 1724
-5 4310
+4 2586
+1 862
-1 862
+1 2586
cfi=(125)
cfn=(484)
calls=862 278 
* 60824667

fl=(123) ./string/../sysdeps/aarch64/strchr.S
fn=(478) index
54 1
+2 1
+1 1
+1 1
+1 1
+1 1
+1 1
+1 1
+1 1
+1 1
+1 1
+1 1
+1 1
+2 1
+1 1
+3 1
+1 1
+1 1
+1 1

fl=(99) ./libio/./libio/vtables.c
fn=(362) check_stdfiles_vtables
fi=(90)
73 3
+3 5
fe=(99)
546 2
-1 1
+1 1
-1 1
+1 5
+1 5
+1 6
cfn=(363) check_stdfiles_vtables'2
calls=1 +2 
* 2

fn=(363)
550 2

fl=(120) ./nptl/./nptl/libc-cleanup.c
fn=(466) __libc_cleanup_push_defer
24 864
+1 864
-1 1728
+3 864
-3 1728
+5 864
-2 1728
+2 864
+3 864
+14 864
-2 864
+4 864
+1 3456

fn=(468) __libc_cleanup_pop_restore
54 863
+1 863
-1 863
+3 863
-3 863
+3 863
-3 863
+5 863
-2 863
+2 863
+1 1726
+17 3452

fl=(104) ./setjmp/../sysdeps/aarch64/setjmp.S
fn=(398) _setjmp
30 1
+1 1
+1 1
cfn=(400) __sigsetjmp
calls=1 +8 
* 32

fn=(400)
40 1
+1 1
+1 1
+1 1
+1 1
+3 4
+1 1
+7 1
+1 1
+1 1
+1 1
+1 1
+2 1
+1 4
+1 1
+10 1
cfi=(105) ./setjmp/./setjmp/sigjmp.c
cfn=(402) __sigjmp_save
calls=1 -45 
* 10

fl=(117) ./libio/./libio/iofopen.c
fn=(454) __fopen_internal
fi=(106)
13 1
+1 3
+7 8
cfi=(124)
cfn=(482)
calls=1 +4 
* 84006570
* 4
fe=(117)
+36 8
+8 2
cfi=(108) ./malloc/./malloc/malloc.c
cfn=(410) malloc
calls=1 3294 
* 618
* 4

fn=(452) fopen@@GLIBC_2.17
85 1
+1 1
-1 1
+2 1
-1 1
cfn=(454)
calls=1 -29 
* 84007218

fl=(126) ./stdio-common/../string/bits/string_fortified.h
fn=(486) __vfscanf_internal
59 863
fi=(125)
381 863
fe=(126)
59 863
fi=(125)
381 863
-49 863
-48 863
-1 6904
+10 863
+35 863
-3 863
+1 863
-13 863
-30 1726
+44 863
-45 863
+1 1726
419 863
+24 3452
+1 1726
206 863
+16 863
-16 863
+16 863
+1 3452
489 3452
-6 2589
+22 4315
cfn=(485) __vfscanf_internal'2
calls=863 * 
* 60688021
fe=(126)

fl=(75)
fn=(274)
34 12

fl=(84)
fn=(308)
fi=(2)
2387 1
cob=(1)
cfi=(9)
cfn=(320)
calls=1 147 
* 4
+3 3
cob=(1)
cfi=(42)
cfn=(322)
calls=1 45 
* 14
+4 2
cob=(1)
cfi=(38)
cfn=(180)
calls=1 38 
* 10
+1 1
-1 1
+2 1
cob=(1)
cfi=(38)
cfn=(128)
calls=1 116 
* 4
+1 1
+4 1
cob=(1)
cfi=(62)
cfn=(324)
calls=1 525 
* 22
+5 9
fe=(84)
33 10
+2 1
cfi=(85) ./ctype/./ctype/ctype-info.c
cfn=(310) __ctype_init
calls=1 -4 
* 23
+3 2
+3 2
fi=(87) ./elf/../sysdeps/nptl/pthread_early_init.h
-8 1
fe=(84)
+8 1
fi=(87)
-8 1
fe=(84)
+8 1
-3 1
fi=(87)
-5 1
cfi=(86) ./resource/../sysdeps/unix/sysv/linux/getrlimit64.c
cfn=(312) getrlimit
calls=1 +5 
* 12
* 2
+1 3
+4 3
+7 2
+8 2
fi=(141) ./elf/../nptl/nptl-stack.h
+8 1
fi=(87)
-16 1
+9 1
-8 1
+6 1
fi=(141)
+9 1
fi=(87)
-9 1
fi=(141)
+9 2
fi=(87)
-15 1
+2 2
+4 3
+1 1
+3 1
cfi=(88) ./nptl/./nptl/pthread_mutex_conf.c
cfn=(316) __pthread_tunables_init
calls=1 -1 
* 128
fe=(84)

fl=(122) ./string/./string/strstr.c
fn=(476) strstr
77 10
+5 1
-5 3
+5 1
+2 2
cfi=(123)
cfn=(478)
calls=1 -30 
* 19
* 1
+1 1
+1 2
+75 14

fl=(116) ./misc/../sysdeps/unix/sysv/linux/setvmaname.c
fn=(440) __set_vma_name
fi=(108)
2448 3
+19 2
+4 4
+1 1
-1 1
cfi=(94)
cfn=(442) __aarch64_ldadd4_relax
calls=1 0 
* 6
* 1
+1 7
cfi=(94)
cfn=(374) __aarch64_cas4_acq
calls=1 0 
* 6
* 2
+3 3
+1 1
-1 1
cfi=(94)
cfn=(444) __aarch64_ldadd8_relax
calls=1 0 
* 6
* 1
+1 7
cfi=(94)
cfn=(446) __aarch64_cas8_acq
calls=1 0 
* 6
* 2
+5 7
fe=(116)
33 7
+2 1
-2 3
+2 3
+5 7
cfn=(441) __set_vma_name'2
calls=1 +9 
* 11
cob=(1)
cfi=(12)
cfn=(32)
calls=1 390 
* 23
* 10

fn=(441)
49 11

fl=(97) ./misc/./misc/init-misc.c
fn=(358) __init_misc
31 1
-1 4
+1 2
+2 3
cfi=(98) ./string/../sysdeps/aarch64/strrchr.S
cfn=(360) rindex
calls=1 +24 
* 42
+4 4
+1 5
+2 3

fl=(119) ./libio/./libio/fileops.c
fn=(472) _IO_file_open
182 7
+2 1
-2 2
+2 1
+4 1
cfi=(121) ./io/../sysdeps/unix/sysv/linux/open64.c
cfn=(474) open
calls=1 30 
* 46
* 1
+1 1
+3 5
-1 1
+1 2
+3 3
+10 2
cfi=(118) ./libio/./libio/genops.c
cfn=(464) _IO_link_in
calls=1 87 
* 23
+1 1
+1 4

fn=(492) _IO_file_underflow@@GLIBC_2.17
462 2936
+4 1468
+3 734
+6 2202
+3 2936
+12 2199
+9 1466
cfi=(129) ./libio/./libio/libioP.h
cfn=(504) _IO_file_underflow@@GLIBC_2.17
calls=733 1025 
* 57174
-18 2
+5 2
cfi=(118)
cfn=(494) _IO_doallocbuf
calls=1 343 
* 385
fi=(118)
363 1468
+2 2936
+1 2202
fe=(119)

fn=(493) _IO_file_underflow@@GLIBC_2.17'2
499 2
cfi=(129)
cfn=(504)
calls=1 1025 
* 78

fn=(462) _IO_new_file_init_internal
fi=(117)
75 5
cfi=(119)
cfn=(470) _IO_file_fopen@@GLIBC_2.17
calls=1 213 
* 221
fe=(119)
+31 1
+5 1
-5 1
+5 1
-5 2
+5 1
-1 1
+1 1
-1 1
+3 1
cfi=(118)
cfn=(464)
calls=1 -26 
* 115

fn=(470)
fi=(117)
75 1
-38 2
+44 6
fe=(119)
213 7
+9 1
-9 3
+9 2
+2 4
-10 1
+13 1
+1 3
cfn=(471) _IO_file_fopen@@GLIBC_2.17'2
calls=1 +10 
* 190

fn=(471)
238 2
+9 8
+34 4
cfn=(472)
calls=1 -99 
* 101
* 1
+3 1
+3 4
cfi=(122)
cfn=(476)
calls=1 77 
* 54
+1 1
+69 12
228 2
cfn=(471)
calls=1 357 
* 12

fn=(498) _IO_file_stat
1147 2
+2 1
-1 2
cfi=(128) ./io/../sysdeps/unix/sysv/linux/fstat64.c
cfn=(500) fstat
calls=1 30 
* 9

fn=(508) _IO_file_read
1131 2202
+3 734
+1 734
-1 734
cfi=(130) ./io/../sysdeps/unix/sysv/linux/read.c
cfn=(510) read
calls=734 25 
* 12478

fl=(115) ./misc/../sysdeps/unix/sysv/linux/mmap64.c
fn=(438) mmap
47 2
+3 2
+8 7
+2 2

fl=(128)
fn=(500)
30 1
+9 2
-9 1
+9 3
+33 2

fl=(98)
fn=(360)
57 1
+2 1
+1 1
+1 1
+1 1
+1 1
+1 1
+1 1
+1 1
+1 1
+1 1
+1 1
+1 1
+1 1
+1 1
+1 1
+46 1
+1 1
+3 1
+1 1
+1 1
+1 1
+1 1
+1 1
+1 1
+1 1
+1 1
+1 1
+1 1
+2 1
+1 1
+1 1
+1 1
+1 1
+1 1
+1 1
+1 1
+1 1
+1 1
+1 1
+1 1
+1 1

fl=(133) ./string/../sysdeps/aarch64/strcpy.S
fn=(520) strcpy
71 1724
+3 1724
+1 1724
+1 1724
+1 1724
+1 1724
+1 1724
+1 1724
+1 1724
+2 1723
+1 1723
+1 1723
+1 1723
+1 1723
+3 11
+2 11
+1 11
+1 11
+1 11
+1 11
+1 11
+1 11
+1 11
+1 11
+2 11
+3 1
+1 1
+1 1
+2 1
+1 1
+1 1
+1 1
+1 1
+1 1
+2 1
+24 1712
+1 1712
+1 1712
+1 1712
+2 1712
+1 1712
+1 1712
+1 1712
+1 1712
+1 1712
-5 93540
+1 93540
+1 93540
+1 93540
+1 93540
+1 93540
+1 94392
+1 94392
+1 94392
+1 94392
+1 94392
+1 94392
+1 852
+2 852
+1 852
+1 852
+2 852
+2 852
+1 852
+1 852
+1 852
+1 852
+2 852
-12 860
+1 860
+1 860
+2 860
+2 860
+1 860
+1 860
+1 860
+1 860
+2 860

fl=(105)
fn=(402)
28 4
+2 1
-1 1
+5 4

fl=(113) ./misc/../sysdeps/unix/sysv/linux/brk.c
fn=(430) brk
36 4
fi=(142) ./misc/../sysdeps/unix/sysv/linux/brk_call.h
-12 2
fe=(113)
+12 2
fi=(142)
-12 2
fe=(113)
+13 6
+1 4
+6 2
+1 4

fl=(121)
fn=(474)
30 13
+3 7
+8 13
+2 13

fl=(101) ./csu/../csu/libc-start.c
fn=(368) __libc_start_main@@GLIBC_2.34
242 11
+69 2
+1 3
cfi=(102) ./stdlib/./stdlib/cxa_atexit.c
cfn=(370) __cxa_atexit
calls=1 67 
* 84009635

fn=(369) __libc_start_main@@GLIBC_2.34'2
350 2
cfi=(103) ./csu/../sysdeps/nptl/libc_start_call_main.h
cfn=(396) (below main)
calls=1 29 
* 84009462
cob=(1)
cfi=(42)
cfn=(394)
calls=1 118 
* 11
* 9
145 5
cob=(5)
cfi=(100)
cfn=(386) 0x0000000000000cd0
calls=1 0 
* 11
-1 4
cfn=(369)
calls=1 350 
* 84009484

fl=(125)
fn=(484)
fi=(124)
34 8620
fe=(125)
278 7767
+10 3452
-10 4315
+10 1726
+51 863
-61 2589
+11 863
fi=(131) ./stdio-common/../include/scratch_buffer.h
78 863
fe=(125)
339 863
+6 863
-56 863
-9 863
fi=(131)
78 863
fe=(125)
339 863
fi=(131)
77 863
fe=(125)
278 863
+2 863
fi=(131)
77 863
fe=(125)
339 863
+6 865
+3 2589
+4 863
+7 863
+13 1726
-20 863
+7 1726
+13 863
-20 863
+20 1726
-6 863
+6 863
-5 863
+5 863
-5 1726
+5 863
cfi=(120)
cfn=(466)
calls=863 24 
* 16397
* 12945
-27 1724
+27 3452
cfi=(126)
cfn=(486)
calls=863 59 
* 60732897

fn=(485)
419 1726
+24 6904
+1 3452
+3 3452
-66 5176
3095 6034
206 863
+16 863
-16 863
+16 863
+1 3452
489 3452
+44 10356
664 5178
+1 5178
+4 5178
+1 6904
-1 1726
+1 5178
-1 1726
+1 10356
cfn=(485)
calls=1726 +6 
* 90942993
+6 20703
+3 6900
-3 3450
+3 6900
-3 6902
+4 22425
+1 6900
+4 1725
-4 12075
cfi=(118)
cfn=(512) _IO_sputbackc
calls=862 -46 
* 60597971
cfi=(118)
cfn=(513) _IO_sputbackc'2
calls=863 -46 
* 30254972
3105 3448
cfi=(120)
cfn=(468)
calls=862 54 
* 13792
fi=(131)
85 3448
fe=(125)
3109 2586
+2 862
-2 862
+17 1724
+6 14654
-27 7758
cfn=(485)
calls=862 * 
* 39652
483 2589
+22 4315
cfn=(485)
calls=863 * 
* 30339546
* 6904
+16 863
-72 1726
cfn=(485)
calls=863 -68 
* 30364573
+84 15534
-3 1726
+3 5178
cfn=(485)
calls=1726 * 
* 91010307
* 3452
cfn=(485)
calls=1726 664 
* 90984417
676 2
cfi=(118)
cfn=(488) __uflow
calls=1 299 
* 2068
1069 13808
+10 1726
-10 1726
+10 6904
+71 17260
-3 3003598
+2 6007194
+1 3003597
+42 24026577
1079 3002864
1192 3002864
1079 12008008
cfn=(485)
calls=3001140 +68 
* 129163057106
+70 6007194
cfn=(485)
calls=3003597 +43 
* 129267573282
282 1466
1192 1466
cfi=(118)
cfn=(489) __uflow'2
calls=91 299 
* 1478567
cfi=(118)
cfn=(488)
calls=642 299 
* 30511667
+2 1725
+40 3450
+2 1725
-2 1725
+2 3450
+8 6900
-10 1725
+10 1725
-2 1725
+2 3450
cfn=(485)
calls=1725 381 
* 30435273
912 12068
1081 8620
cfi=(118)
cfn=(513)
calls=1724 635 
* 30462009
-14 10356

fl=(76)
fn=(276)
34 26

fl=(86)
fn=(312)
38 1
+1 2
-1 1
+1 6
+1 2

fl=(118)
fn=(488)
299 2572
+1 1286
+5 1286
+3 1929
+2 1286
+6 1286
+7 643
fi=(129)
1025 1929
+1 1286
fe=(118)
323 1286
+1 643
-1 643
+1 643
-1 643
cfn=(490) _IO_default_uflow
calls=643 +38 
* 30493802
-23 1286
+21 1286

fn=(489)
299 364
+1 182
+5 182
+3 273
+2 182
+6 182
+7 91
fi=(129)
1025 273
+1 182
fe=(118)
323 182
+1 91
-1 91
+1 91
-1 91
cfn=(491) _IO_default_uflow'2
calls=91 +38 
* 1475746
-23 182
+21 182

fn=(490)
fi=(125)
679 2
-3 1
+3 2
+1 13
+1 4
+4 1
-4 7
cfi=(118)
cfn=(512)
calls=1 -46 
* 1579
-5 3
1079 642
1192 642
1079 2566
cfn=(485)
calls=641 +68 
* 30366031
1192 3210
912 7
1081 5
cfi=(118)
cfn=(513)
calls=1 635 
* 42264
fe=(118)
361 643
fi=(129)
1025 1286
fe=(118)
361 1929
+1 643
fi=(129)
1025 643
+1 1286
fe=(118)
362 1929
cfi=(119)
cfn=(492)
calls=643 462 
* 68464

fn=(491)
fi=(125)
1079 91
1192 91
1079 364
cfn=(485)
calls=91 +68 
* 1463916
1192 455
fe=(118)
361 91
fi=(129)
1025 182
fe=(118)
361 273
+1 91
fi=(129)
1025 91
+1 182
fe=(118)
362 273
cfi=(119)
cfn=(492)
calls=91 462 
* 9646

fn=(502) _IO_setb
329 2
+1 1
-1 3
+1 1
-1 3
+1 1
+5 3
-2 1
+2 2
+3 4

fn=(460) _IO_old_init
531 1
+3 1
-2 1
+7 1
-7 1
-1 1
+3 1
-2 1
+7 1
+11 1
-16 1
+21 1
-16 2
-5 2
+10 2
-5 2
+16 1
+1 2
+2 2

fn=(506) _IO_switch_to_get_mode
164 2936
+1 2936
+3 1468
+5 734
-1 1468
+1 1468
+7 734
+1 734
-1 734
-4 734
+2 1468
+4 2202

fn=(512)
fi=(125)
685 11219
1065 1726
+2 16397
cfn=(485)
calls=863 * 
* 60552085
fe=(118)
635 3452
+3 3452
+1 2589
+2 2589
+6 863
cfn=(513)
calls=863 +1 
* 5178

fn=(513)
fi=(125)
685 11219
1065 1726
+2 5178
+15 5175
cfn=(485)
calls=1725 1194 
* 30462873
-15 11219
cfn=(485)
calls=863 * 
* 30207507
fe=(118)
635 10352
+3 10352
+1 7764
+9 10353
+3 10353
-10 7764
+6 2588
cfn=(513)
calls=2588 +1 
* 15528

fn=(458) _IO_no_init
563 8
+1 1
cfn=(460)
calls=1 -33 
* 25
+1 1
+1 1
+6 1
-4 1
+11 1
+2 1
+7 1
-16 3
+15 1
+1 3

fn=(464)
fi=(119)
114 1
+1 3
fe=(118)
-28 14
+1 2
-1 6
+1 2
+18 11
-16 2
+3 2
-1 1
+1 1
-3 1
+2 4
+1 2
-1 1
cfi=(120)
cfn=(466)
calls=1 -68 
* 19
+1 5
+2 1
-2 1
+1 1
-1 2
+2 4
+2 1
-2 2
+2 1
-2 1
+5 1
-2 1
-1 1
+4 1
-1 1
+2 1
-1 1
-1 2
+2 1
cfn=(465) _IO_link_in'2
calls=1 * 
* 37

fn=(465)
106 11
-3 2
cfi=(120)
cfn=(468)
calls=1 -49 
* 16
+3 3
cfn=(465)
calls=1 * 
* 11
-4 5
cfn=(465)
calls=1 +1 
* 32

fn=(494)
fi=(119)
490 5
cfn=(493)
calls=1 +9 
* 80
fe=(118)
343 4
+1 2
+2 3
+1 1
fi=(129)
1025 3
+1 2
fe=(118)
347 3
cfi=(127) ./libio/./libio/filedoalloc.c
cfn=(496) _IO_file_doallocate
calls=1 78 
* 282

fl=(108)
fn=(410)
fi=(107) /home/ubuntu/first/sp24f_backup/kvs_lab/open.c
6 1
+1 3
+2 8
cfi=(108)
cfn=(411) malloc'2
calls=1 3294 
* 436
* 4
fi=(127)
+95 4
cfi=(118)
cfn=(502)
calls=1 329 
* 21
+1 1
+1 11
-5 1
+1 1
fi=(117)
-35 1
+3 2
+2 8
cfi=(118)
cfn=(458)
calls=1 563 
* 48
+1 3
+1 2
cfi=(119)
cfn=(462)
calls=1 +32 
* 352
fe=(108)
3294 9
+7 6
-7 6
+7 3
-7 3
+7 3
1326 2
+10 8
3313 6
1345 2
3313 2
-2 6
+2 2
-2 4
+2 2
+3 8
+10 6
fi=(109) ./malloc/./malloc/arena.c
264 1
cfn=(414) ptmalloc_init.part.0
calls=1 -2 
* 1670
fe=(108)
3317 2
+1 2
+10 8
cfn=(422) _int_malloc
calls=2 3846 
* 306

fn=(411)
fi=(107)
9 3
+1 4
+5 2
+1 3
+1 1
+1 2
fe=(108)
3294 3
+7 2
-7 2
+7 1
-7 1
+7 1
1326 1
+10 4
3313 3
1345 1
3313 1
-2 3
+2 1
-2 2
+2 1
+3 4
+10 3
+2 4
cfn=(422)
calls=1 3846 
* 383

fn=(432) alloc_perturb
1984 5
+1 5
-1 5
+1 10
+2 10

fn=(436) sysmalloc_mmap.isra.0
2400 3
+13 3
-13 1
+13 1
+5 2
+3 11
cfi=(115)
cfn=(438)
calls=1 47 
* 13
* 1
+3 2
+4 3
+4 5
cfi=(116)
cfn=(440)
calls=1 33 
* 132
2008 5
2944 13
2577 2

fn=(424) sysmalloc
2532 10
+20 4
-20 18
+20 2
+11 2
+1 8
-11 3
+35 2
+1 2
+1 1
+9 2
+6 3
+3 4
-43 3
+3 5
+8 5
cfn=(436)
calls=1 2400 
* 197
+93 1
+8 1
-8 1
+9 1
+13 1
-22 2
+9 2
+13 1
+8 5
+8 2
+2 3
cfi=(111) ./malloc/./malloc/morecore.c
cfn=(426) __glibc_morecore
calls=1 26 
* 200
4481 2
+1 2
+1 4
cfn=(423) _int_malloc'2
calls=2 * 
* 34

fn=(425) sysmalloc'2
2921 3
+1 1
+5 2
+3 2
+5 1
-2 1
+2 1
-3 1
+3 1
+1 1
+2 1
-3 1
-1 1
+1 2
+3 2
-2 1
+8 13
2755 6
+34 1
+6 2
+22 1
+1 1
-1 1
+1 6
+2 1
+1 3
cfi=(111)
cfn=(427) __glibc_morecore'2
calls=1 26 
* 29
+12 1
-12 1
+12 1
2008 7
cfn=(425)
calls=1 2875 
* 45
2746 1
+6 2
-6 3
+6 1
2875 1
+1 3
+1 1
-2 1
+1 1
+1 2
+11 1
2695 1
+88 2
cfn=(425)
calls=1 +34 
* 97

fn=(420) tcache_init.part.0
3242 3
+9 3
-9 1
+9 6
cfi=(94)
cfn=(374)
calls=1 0 
* 6
* 1
+1 3
cfn=(422)
calls=1 3846 
* 407
fi=(114) ./string/../sysdeps/aarch64/nptl/../memset.S
32 1
+5 1
+1 1
+2 1
+1 1
+43 1
+1 1
+1 1
+1 1
+1 1
+1 1
+2 1
+1 1
+1 1
+1 1
+1 1
+2 1
+1 1
-4 8
+1 8
+2 8
+1 8
+1 1
+1 1
+1 2
+5 1
+1 1
fe=(108)

fn=(422)
3846 15
1326 5
+10 50
+9 20
3887 5
1794 5
3914 10
+65 2
-63 2
+3 2
+2 1
+56 8
+62 17
+1 3
+20 3
-1 1
-1 1
+2 1
-1 1
+1 4
-2 2
+12 5
3930 5
cfn=(423)
calls=1 +50 
* 112
4257 2
+2 3
+3 4
+69 1
+3 1
-4 1
+1 2
+2 1
-1 1
+1 1
-2 2
+3 1
-1 1
+6 4
cfn=(423)
calls=1 3934 
* 48
4039 6
+31 2
-91 8
cfn=(423)
calls=2 +1 
* 468
+60 6
cfn=(423)
calls=1 +1 
* 322
3252 1
+1 1
+8 3
cfi=(94)
cfn=(378) __aarch64_swp4_rel
calls=1 0 
* 6
* 2
+9 1
fi=(143) ./malloc/../string/bits/string_fortified.h
59 3
fe=(108)
3270 1
+4 3
fi=(143)
59 1
fe=(108)
3354 24
1461 4
3328 4
1461 8
3329 4
461 4
3329 4
461 8
3329 8
fi=(109)
153 6
fe=(108)

fn=(423)
4040 3
+20 12
-1 4
-1 4
+2 4
-1 4
+1 14
-2 6
+12 20
-90 6
+2 9
4487 20
4081 6
cfn=(423)
calls=3 -21 
* 559
4257 8
+2 3
+3 4
+69 4
+3 4
-4 4
+1 8
+2 4
-1 4
+1 4
-2 8
+3 4
-1 4
+6 16
cfn=(423)
calls=4 3934 
* 731
3934 20
cfn=(423)
calls=5 4343 
* 759
4346 32
-3 39
4443 5
+3 5
-2 10
+2 10
+3 15
+17 8
-12 9
-2 3
+2 3
-3 3
+2 3
+6 3
-5 3
+2 3
-2 6
+6 3
-4 3
+4 3
+23 3
cfn=(432)
calls=3 1984 
* 21
* 2
cfn=(432)
calls=2 1984 
* 14
* 25
cfn=(423)
calls=5 +4 
* 20
-2 6
cfn=(424)
calls=2 2532 
* 533

fl=(95) ./misc/./misc/getauxval.c
fn=(354) getauxval
56 2
-26 2
+2 2
+32 1
-32 1
+32 1

fl=(129)
fn=(504)
1025 734
fi=(119)
506 1468
cfi=(118)
cfn=(506)
calls=734 164 
* 17616
+11 734
-5 734
fe=(129)
1025 734
fi=(119)
513 734
+1 734
+1 734
fe=(129)
1026 1468
fi=(119)
517 3670
cfn=(508)
calls=734 1131 
* 16882
+2 1468
+7 734
+9 734
-9 1468
+9 1468
+2 2936
+1 2202
fe=(129)

fl=(134) ./string/../sysdeps/aarch64/strcmp.S
fn=(524) strcmp
64 371091
+3 371091
+1 371091
+1 371091
+1 371091
+1 371091
+1 742182
+5 371091
+1 371091
+7 371091
+1 371091
+2 371091
+1 371091
+1 371091
-13 371091
+1 371091
+7 371091
+1 371091
+2 371091
+1 371091
+1 371091
+4 371091
+1 371091
+3 371091
+1 371091
+1 371091
+2 371091
+5 371091
+1 371091
+3 371091
+1 371091
+1 371091

fl=(102)
fn=(370)
67 1
+1 2
-1 1
+2 1
-1 1
cfn=(372) __internal_atexit
calls=1 -32 
* 84009629

fn=(372)
fi=(101)
337 5
+6 3
-3 1
128 3
+6 2
+1 7
cob=(3)
cfi=(89)
cfn=(380) 0x0000000000108a08
calls=1 0 
* 10
+3 1
+1 1
+3 1
+1 1
-1 1
+1 1
-1 1
+1 1
+1 5
cfn=(369)
calls=1 +1 
* 84009504
fe=(102)
36 4
+5 1
+2 9
cfi=(94)
cfn=(374)
calls=1 -43 
* 6
* 1
+1 2
cfn=(376) __new_exitfn
calls=1 +36 
* 58

fn=(376)
80 1
+6 1
-6 3
+6 2
+5 1
-10 1
+10 3
+2 1
+1 1
-1 1
-2 1
+10 1
-10 2
+32 1
-1 1
+1 1
+11 1
cfn=(377) __new_exitfn'2
calls=1 +3 
* 9
-90 1
+2 1
+6 2
+4 1
+1 2
-2 1
-3 1
+5 1
-5 1
+1 1
+4 1
cfi=(94)
cfn=(378)
calls=1 -57 
* 6
* 2
+1 1
+1 4

fn=(377)
137 1
-1 2
+1 1
+4 1
-4 1
+4 1
-4 1
+4 1

fl=(111)
fn=(426)
26 3
-1 2
+4 1
cfi=(112) ./misc/./misc/sbrk.c
cfn=(428) sbrk
calls=1 +8 
* 59
fi=(108)
2710 1
-1 1
+1 1
2008 1
2711 1
2008 4
2712 1
+3 1
+29 2
+2 1
-2 2
+1 3
cfn=(425)
calls=1 +1 
* 116
fe=(111)

fn=(427)
26 3
-1 2
+4 1
cfi=(112)
cfn=(428)
calls=1 +8 
* 19
+1 2
+4 2

fl=(96) ./csu/./csu/init-first.c
fn=(356) _init_first
46 1
+5 1
-5 1
+5 1
-5 3
+5 1
+4 8
+8 2
-2 2
+10 1
-10 1
+10 1
-8 1
-1 1
+10 2
-1 1
cfi=(97)
cfn=(358)
calls=1 -40 
* 64

fl=(130)
fn=(510)
25 734
+1 734
-1 734
+1 734
-1 734
+1 5872
+1 2936

fl=(88)
fn=(316)
55 1
+1 1
-1 2
+1 1
-1 3
+1 2
-1 3
+1 2
cob=(1)
cfi=(12)
cfn=(33)
calls=3 390 
* 69
* 33
fi=(84)
-7 11
fe=(88)

fl=(85)
fn=(310)
31 3
-2 1
+2 2
-2 1
+2 1
+2 2
+2 2
-4 1
+2 1
+2 3
-4 1
+2 1
-2 1
+2 1
+3 2

fl=(103)
fn=(396)
29 11
+15 2
cfi=(104)
cfn=(398)
calls=1 -14 
* 35
+2 1
+2 1
+7 1
-4 1
+4 1
+3 2
-7 1
+4 1
+3 3
-6 1
+6 1
-7 1
+7 1
cob=(5)
cfi=(106)
cfn=(404) main
calls=1 -29 
* 84009398

fl=(109)
fn=(414)
262 1
+5 1
-5 2
fi=(110) ./malloc/../sysdeps/unix/sysv/linux/not-cancel.h
97 1
fe=(109)
262 2
fi=(110)
97 1
fe=(109)
262 1
+5 1
-5 1
+5 1
-5 3
fi=(110)
97 2
fe=(109)
267 1
fi=(110)
97 2
fi=(108)
3143 2
fe=(109)
274 4
cob=(1)
cfi=(12)
cfn=(32)
calls=13 390 
* 299
* 657
fi=(108)
1336 4
3313 3
1345 1
3313 1
-2 3
+2 1
-2 2
+2 1
+13 3
1326 1
3248 3
cfn=(420)
calls=1 -6 
* 486
+68 4
+1 4
+1 2
+10 4
cfn=(422)
calls=1 3846 
* 165
fe=(109)

fl=(112)
fn=(428)
fi=(111)
30 2
+4 2
fe=(112)
+3 2
+6 2
-6 2
+6 2
-6 2
+3 4
-3 4
+3 2
+3 2
+35 5
-20 2
+4 2
-3 2
cfi=(113)
cfn=(430)
calls=1 -23 
* 13
* 1
+4 2
cfn=(429) sbrk'2
calls=1 -1 
* 25

fn=(429)
62 2
+4 3
+8 1
cfi=(113)
cfn=(430)
calls=1 -38 
* 13
* 1
+4 5

fl=(127)
fn=(496)
78 7
+6 1
-6 3
+6 2
fi=(129)
1025 3
+1 2
fe=(127)
84 4
cfi=(119)
cfn=(498)
calls=1 1147 
* 14
* 1
+2 4
+11 5
+1 1
+3 2
cfi=(108)
cfn=(410)
calls=1 3294 
* 223
* 4
fi=(118)
347 2
+3 4
fe=(127)

fl=(94)
fn=(350)
fi=(90)
73 2
+1 10
cfi=(99)
cfn=(362)
calls=1 546 
* 31
cfi=(96)
cfn=(356)
calls=1 -28 
* 92
-1 6
fe=(94)
-73 4
cfi=(95)
cfn=(354)
calls=1 56 
0 9
0 9

fn=(442)
0 4

ob=(1)
fl=(56)
fn=(175)
68 10
-23 20
+27 2
fi=(4)
+7 2
fe=(56)
-7 2
+12 4
+1 10
+1 10
+1 10
+1 4
+1 10
+1 7
+1 10
+12 2
+7 2
-7 10
+7 2
+5 6
+7 4
+1 8
+6 4
+18 4
+5 2
+2 1
+2 1
+2 1
+4 4
+2 6
+1 2
+9 4
+6 2
+4 4
fi=(30)
1276 8
+2 8
+10 4
+19 6
+2 10
+52 4
+1 3
+6 3
+1 3
-1 6
+1 3
-1 37
+1 51
+11 4
cfi=(57)
cfn=(178)
calls=2 25 
* 18
* 2
+13 6
+2 4
+2 2
-2 4
+2 2
+16 4
cfi=(8)
cfn=(14)
calls=2 28 
* 48
+4 2
+1 4
+17 4
+1 2
+3 3
+5 2
-5 3
+5 2
+5 6
+12 14
+10 2
+13 3
cfi=(22)
cfn=(70)
calls=1 31 
* 57
+3 1
+4 2
cfi=(38)
cfn=(180)
calls=1 38 
* 10
* 1
+1 2
+18 2
+4 7
+1 3
cfi=(42)
cfn=(182)
calls=1 77 
* 11
* 1
cfn=(157)
calls=1 +4 
* 9
fe=(56)
54 21
+1 14
cfn=(175)
calls=7 +13 
* 3269
181 3
cfn=(175)
calls=1 +3 
* 379
-22 2
cfn=(175)
calls=1 +3 
* 391
fi=(30)
1462 4
+1 2
fi=(4)
79 1
fi=(30)
1464 1
-1 2
+1 1
-1 4
cfi=(26)
cfn=(74)
calls=1 64 
* 74
* 1
+2 6
cfn=(157)
calls=1 +6 
* 134
fe=(56)

fl=(77)
fn=(284)
561 1
+3 1
-3 1
+3 1
-3 2
+5 2
+7 4
+7 1
fi=(23)
56 1
fe=(77)
579 1
cfn=(286) _dlfo_process_initial
calls=1 474 
* 832
fi=(2)
2362 3
cfi=(7)
cfn=(292)
calls=1 76 
* 5718
fe=(77)

fn=(285) _dl_find_object_init'2
604 4

fn=(286)
474 1
+1 1
+2 1
-3 1
+1 1
+3 3
+3 4
cfi=(78)
cfn=(288)
calls=1 94 
* 203
+98 1
+1 1
fi=(23)
56 3
cfi=(24)
cfn=(64)
calls=1 -20 
* 24
fe=(77)
580 1
fi=(23)
56 1
fe=(77)
582 1
+3 1
+5 1
+1 1
cfn=(287)
calls=1 474 
* 582

fn=(287)
474 1
+1 1
+2 1
-3 1
+1 1
+3 3
+26 12
+17 4
-16 4
+1 8
-1 8
+3 34
+3 24
-7 10
+25 2
+2 2
-2 2
+2 4
-18 12
+2 9
cfi=(78)
cfn=(289)
calls=3 94 
* 444
+2 6
cfn=(287)
calls=3 -11 
* 81
-36 4
cfi=(78)
cfn=(288)
calls=1 94 
* 406
+6 54
+1 54
+5 4
+6 4
-6 4
-3 4
+3 2
+2 2
-2 2
+2 6
+2 8
cfn=(287)
calls=2 -10 
* 590
+97 2
+2 2
cfn=(290) _dlfo_sort_mappings
calls=1 -59 
* 150
+3 5
+2 1
cfn=(285)
calls=1 +3 
* 4

fn=(290)
537 2
-1 1
+4 4
-4 1
+8 1
+1 1
-1 1
+1 2
-1 3
+1 3
-1 3
+1 10
+1 8
+2 8
-3 4
+3 4
-3 8
+1 12
+2 12
-3 6
+3 6
-3 12
+8 4
+1 4
-1 4
+1 4
+1 4
-15 4
+13 4
-13 8
+17 2

fl=(60)
fn=(194)
28 1
+1 2
-1 1
+2 1
-1 3
cfi=(61)
cfn=(196)
calls=1 146 
* 11

fl=(93)
fn=(346)
0 5
56 2
+3 2
cfn=(348) __getauxval2
calls=1 -34 
* 15

fn=(348)
25 2
+5 2
+2 2
+1 1
cfn=(349) __getauxval2'2
calls=1 * 
* 4
+26 1
+1 1
+4 2

fn=(349)
33 1
+18 1
-14 1
+14 1

fl=(43)
fn=(134)
32 4
+1 2
+1 2

ob=(2)
fl=(94)
fn=(442)
0 2

fn=(444)
0 6

fn=(446)
0 6

fn=(378)
0 12

fn=(374)
0 18

ob=(1)
fl=(43)
fn=(134)
39 2
+1 1
+1 1
+1 1
+5 1
-8 1
+1 1
+1 1
+1 1
-3 1
+1 1
+1 1
+1 1
+5 2
+1 1
-1 4
+1 2
+3 4
+1 4
+1 4
+1 4
+2 1
+6 1
+2 1
+1 1
-2 1
-1 1
+2 1
+3 7
-5 12
+2 12
+1 12
-2 12
-1 12
+2 12
+3 84
+2 1
+1 6
+1 3

ob=(3)
fl=(89)
fn=(330)
0 4
cob=(4)
cfi=(91)
cfn=(332) 0x0000000000000570
calls=1 0 
0 4
0 2

fn=(380)
0 4
cob=(5)
cfi=(100)
cfn=(382) call_weak_fn
calls=1 0 
0 4
0 2

ob=(4)
fl=(91)
fn=(332)
0 4

fn=(340) 0x00000000000005c0
0 10

fn=(338)
0 1
cfn=(340)
calls=1 0 
0 10

ob=(5)
fl=(106)
fn=(448) load_workload
12 10
+1 4
cob=(2)
cfi=(117)
cfn=(452)
calls=1 +72 
* 84007223
* 4

fn=(404)
29 8
+1 2
cfi=(107)
cfn=(406) createKVS
calls=1 -25 
* 84009388

fl=(132)
fn=(516)
fi=(106)
21 8
cob=(2)
cfi=(124)
cfn=(483)
calls=1 +4 
* 84004110
* 4
fe=(132)
-16 5
+2 2
cfn=(517)
calls=1 * 
* 113

fn=(517)
fi=(106)
21 6888
cob=(2)
cfi=(124)
cfn=(483)
calls=861 +4 
* 42662692009
* 3444
fe=(132)
-16 4305
+2 1722
cfn=(517)
calls=861 * 
* 23127750
+1 10332
cob=(2)
cfi=(133)
cfn=(520)
calls=1722 +63 
* 1186887
cob=(2)
cfi=(134)
cfn=(524)
calls=371091 +56 
* 12246003
* 9680223
-1 4310
+8 6
+10 13
cob=(2)
cfi=(133)
cfn=(520)
calls=2 +46 
* 59
* 30

fl=(107)
fn=(406)
fi=(106)
30 1
+3 4
cfn=(448)
calls=1 -21 
* 84007241
fe=(107)
-28 3
+1 2
cob=(2)
cfi=(108)
cfn=(410)
calls=1 3294 
* 2133
* 4

fl=(100)
fn=(388) 0x0000000000000c40
0 10

fn=(386)
0 1
cfn=(388)
calls=1 0 
0 10

fn=(364)
0 12
cob=(2)
cfi=(101)
cfn=(368)
calls=1 242 
0 84009651
0 4

fn=(382)
0 4

totals: 84118972
